 1  0 8.318E-11 0.7472 2.965E+00 7.001E+05
 2  0 1.818E-10 0.7492 1.017E+01 2.786E+06
 3  0 2.867E-10 0.7493 2.108E+01 6.268E+06
 4  0 3.375E-10 0.7475 4.628E+01 1.121E+07
 5  0 4.647E-10 0.7484 6.142E+01 1.753E+07
 6  0 5.337E-10 0.7485 9.502E+01 2.517E+07
 7  0 6.170E-10 0.7481 1.316E+02 3.427E+07
 8  0 6.552E-10 0.7470 1.951E+02 4.483E+07
 9  0 8.218E-10 0.7491 2.046E+02 5.638E+07
10  0 8.278E-10 0.7470 2.991E+02 7.006E+07
11  0 9.743E-10 0.7488 3.217E+02 8.428E+07
12  0 1.022E-09 0.7476 4.098E+02 1.011E+08
13  0 1.134E-09 0.7482 4.619E+02 1.179E+08
14  0 1.261E-09 0.7488 5.068E+02 1.365E+08
15  0 1.269E-09 0.7472 6.495E+02 1.581E+08
16  0 1.432E-09 0.7485 6.688E+02 1.793E+08
17  0 1.487E-09 0.7489 7.847E+02 2.012E+08
18  0 1.615E-09 0.7483 8.433E+02 2.266E+08
19  0 1.623E-09 0.7473 1.024E+03 2.543E+08
20  0 1.809E-09 0.7490 1.025E+03 2.788E+08
21  0 1.752E-09 0.7470 1.303E+03 3.095E+08
22  0 1.899E-09 0.7476 1.348E+03 3.393E+08
23  0 2.051E-09 0.7490 1.389E+03 3.691E+08
24  0 2.046E-09 0.7476 1.638E+03 4.027E+08
25  0 2.306E-09 0.7499 1.546E+03 4.333E+08
26  0 2.275E-09 0.7481 1.836E+03 4.736E+08
27  0 2.234E-09 0.7461 2.190E+03 5.152E+08
28  0 2.577E-09 0.7497 1.949E+03 5.434E+08
29  0 2.456E-09 0.7477 2.414E+03 5.896E+08
30  0 2.854E-09 0.7491 2.125E+03 6.271E+08
36  0 3.140E-09 0.7485 3.537E+03 9.062E+08
42  0 3.583E-09 0.7474 5.008E+03 1.235E+09
54  0 5.120E-09 0.7493 6.912E+03 2.036E+09
 2  1 5.235E-11 0.6988 7.301E+00 4.475E+06 0.0829 1.682E+05
 3  1 9.349E-11 0.6916 3.470E+01 7.329E+06 0.0351 6.293E+05
 4  1 1.324E-10 0.6806 8.525E+01 1.510E+07
 5  1 1.729E-10 0.6776 1.552E+02 2.065E+07
 6  1 2.044E-10 0.6742 2.647E+02 2.773E+07
 7  1 2.388E-10 0.6732 3.960E+02 3.583E+07
 8  1 2.652E-10 0.6705 5.842E+02 4.559E+07
 9  1 3.128E-10 0.6712 7.227E+02 5.587E+07
10  1 3.415E-10 0.6706 9.552E+02 6.778E+07
11  1 3.879E-10 0.6718 1.133E+03 8.008E+07
12  1 4.214E-10 0.6713 1.396E+03 9.433E+07
13  1 4.578E-10 0.6707 1.673E+03 1.096E+08
14  1 4.870E-10 0.6697 2.026E+03 1.265E+08
15  1 5.520E-10 0.6724 2.146E+03 1.423E+08
16  1 5.546E-10 0.6692 2.754E+03 1.633E+08
17  1 6.110E-10 0.6712 2.956E+03 1.810E+08
18  1 6.405E-10 0.6698 3.425E+03 2.037E+08
19  1 7.022E-10 0.6721 3.602E+03 2.234E+08
20  1 7.045E-10 0.6693 4.391E+03 2.500E+08
21  1 8.052E-10 0.6750 4.198E+03 2.669E+08
22  1 8.152E-10 0.6728 4.937E+03 2.950E+08
23  1 8.373E-10 0.6711 5.622E+03 3.232E+08
24  1 8.771E-10 0.6722 6.118E+03 3.478E+08
25  1 9.127E-10 0.6717 6.691E+03 3.775E+08
26  1 9.983E-10 0.6754 6.651E+03 4.017E+08
27  1 1.017E-09 0.6738 7.469E+03 4.347E+08
28  1 1.063E-09 0.6744 7.979E+03 4.653E+08
29  1 1.078E-09 0.6736 8.924E+03 4.988E+08
30  1 1.142E-09 0.6750 9.193E+03 5.308E+08
36  1 1.245E-09 0.6716 1.601E+04 7.664E+08
42  1 1.536E-09 0.6764 2.012E+04 1.008E+09
54  1 2.278E-09 0.6872 2.680E+04 1.560E+09
 3  2 8.700E-12 0.3640 1.470E+02 7.153E+06 0.1508 7.154E+05
 4  2 1.861E-11 0.4052 5.365E+02 2.254E+07
 5  2 3.251E-11 0.4558 9.164E+02 1.749E+07
 6  2 4.798E-11 0.4834 1.355E+03 1.872E+07
 7  2 6.245E-11 0.4985 1.957E+03 2.177E+07
 8  2 8.193E-11 0.5165 2.392E+03 2.487E+07
 9  2 9.958E-11 0.5274 3.012E+03 2.896E+07
10  2 1.186E-10 0.5354 3.647E+03 3.365E+07
11  2 1.393E-10 0.5433 4.258E+03 3.872E+07
12  2 1.602E-10 0.5492 4.944E+03 4.434E+07
13  2 1.761E-10 0.5514 5.962E+03 5.081E+07
14  2 2.017E-10 0.5588 6.494E+03 5.693E+07
15  2 2.190E-10 0.5607 7.591E+03 6.396E+07
16  2 2.362E-10 0.5615 8.776E+03 7.208E+07
17  2 2.594E-10 0.5663 9.623E+03 7.952E+07
18  2 2.812E-10 0.5686 1.063E+04 8.779E+07
19  2 3.046E-10 0.5712 1.160E+04 9.639E+07
20  2 3.250E-10 0.5743 1.276E+04 1.051E+08
21  2 3.366E-10 0.5721 1.473E+04 1.163E+08
22  2 3.658E-10 0.5767 1.540E+04 1.250E+08
23  2 3.815E-10 0.5761 1.718E+04 1.368E+08
24  2 3.963E-10 0.5760 1.914E+04 1.479E+08
25  2 4.386E-10 0.5838 1.888E+04 1.556E+08
26  2 4.458E-10 0.5802 2.155E+04 1.701E+08
27  2 4.629E-10 0.5805 2.352E+04 1.831E+08
28  2 4.901E-10 0.5836 2.460E+04 1.937E+08
29  2 5.041E-10 0.5828 2.701E+04 2.082E+08
30  2 5.258E-10 0.5832 2.882E+04 2.221E+08
36  2 6.300E-10 0.5851 4.346E+04 3.140E+08
42  2 8.161E-10 0.5972 5.082E+04 4.054E+08
54  2 1.082E-09 0.6049 8.335E+04 6.391E+08
 4  3 1.793E-10 0.7669 8.938E-01 2.138E+06 0.0310 1.382E+04
 5  3 3.417E-10 0.7512 3.604E+00 2.821E+06 0.0351 1.295E+07
 6  3 1.120E-10 0.6737 1.115E+02 5.938E+06
 7  3 1.533E-10 0.6682 1.823E+02 7.751E+06
 8  3 1.724E-10 0.6556 3.372E+02 1.030E+07
 9  3 2.244E-10 0.6574 4.147E+02 1.268E+07
10  3 2.755E-10 0.6586 5.102E+02 1.535E+07
11  3 3.171E-10 0.6576 6.526E+02 1.848E+07
12  3 3.445E-10 0.6553 8.693E+02 2.196E+07
13  3 3.916E-10 0.6565 1.025E+03 2.544E+07
14  3 4.633E-10 0.6602 1.088E+03 2.896E+07
15  3 4.972E-10 0.6581 1.329E+03 3.346E+07
16  3 5.511E-10 0.6598 1.492E+03 3.755E+07
17  3 6.038E-10 0.6611 1.670E+03 4.213E+07
18  3 6.557E-10 0.6624 1.868E+03 4.693E+07
19  3 7.052E-10 0.6613 2.094E+03 5.246E+07
20  3 7.848E-10 0.6644 2.173E+03 5.749E+07
21  3 8.463E-10 0.6653 2.355E+03 6.304E+07
22  3 9.040E-10 0.6666 2.565E+03 6.864E+07
23  3 9.483E-10 0.6655 2.859E+03 7.531E+07
24  3 9.718E-10 0.6643 3.285E+03 8.221E+07
25  3 1.065E-09 0.6668 3.327E+03 8.827E+07
26  3 1.186E-09 0.6713 3.253E+03 9.392E+07
27  3 1.181E-09 0.6681 3.839E+03 1.023E+08
28  3 1.259E-09 0.6699 3.991E+03 1.094E+08
29  3 1.249E-09 0.6668 4.697E+03 1.181E+08
30  3 1.381E-09 0.6705 4.543E+03 1.249E+08
36  3 1.674E-09 0.6723 6.836E+03 1.776E+08
42  3 1.926E-09 0.6717 9.982E+03 2.408E+08
54  3 2.883E-09 0.6818 1.355E+04 3.811E+08
 5  4 1.998E-09 0.8277 1.269E-02 1.016E+06 0.0901 3.058E+04
 6  4 2.067E-09 0.8012 1.643E-01 2.172E+06 0.0427 6.341E+04
 7  4 7.923E-10 0.7768 3.750E+00 3.468E+06 0.0223 7.206E+04
 8  4 3.955E-09 0.7813 6.821E-01 5.076E+06
 9  4 3.298E-09 0.7702 2.103E+00 6.441E+06
10  4 2.557E-09 0.7601 6.293E+00 8.091E+06
11  4 1.654E-09 0.7508 2.276E+01 9.950E+06
12  4 3.989E-10 1.0231 2.601E+01 1.227E+07
13  4 1.578E-09 0.7394 6.157E+01 1.427E+07
14  4 1.851E-09 0.7384 6.906E+01 1.644E+07
15  4 1.543E-09 0.7315 1.330E+02 1.926E+07
16  4 1.740E-09 0.7303 1.494E+02 2.193E+07
17  4 2.027E-09 0.7307 1.541E+02 2.470E+07
18  4 2.165E-09 0.7307 1.801E+02 2.753E+07
19  4 2.224E-09 0.7299 2.212E+02 3.069E+07
20  4 2.421E-09 0.7278 2.438E+02 3.424E+07
21  4 2.253E-09 0.7253 3.425E+02 3.802E+07
22  4 2.463E-09 0.7249 3.638E+02 4.164E+07
23  4 2.660E-09 0.7253 3.897E+02 4.538E+07
24  4 2.747E-09 0.7251 4.436E+02 4.921E+07
25  4 2.589E-09 0.7216 5.887E+02 5.400E+07
26  4 3.322E-09 0.7264 4.563E+02 5.746E+07
27  4 3.885E-09 0.7301 4.100E+02 6.101E+07
28  4 3.531E-09 0.7260 5.650E+02 6.627E+07
29  4 3.862E-09 0.7272 5.631E+02 7.100E+07
30  4 4.233E-09 0.7283 5.568E+02 7.545E+07
36  4 4.645E-09 0.7261 1.018E+03 1.083E+08
42  4 6.974E-09 0.7318 9.622E+02 1.438E+08
54  4 1.052E-08 0.7363 1.319E+03 2.321E+08
 6  5 2.995E-09 0.7849 6.670E-03 1.943E+06 0.1597 4.955E+04
 7  5 2.410E-09 0.7948 1.231E-01 3.016E+06 0.0774 1.016E+05
 8  5 2.501E-09 0.7844 5.235E-01 4.470E+06 0.0447 1.642E+05
 9  5 2.236E-09 0.7725 1.828E+00 5.982E+06 0.0319 2.529E+05
10  5 1.127E-09 0.7556 1.311E+01 8.047E+06 0.0250 2.771E+05
11  5 4.040E-09 0.7665 2.908E+00 1.043E+07
12  5 3.859E-09 0.7579 5.587E+00 1.235E+07
13  5 2.284E-09 0.7480 2.178E+01 1.460E+07
14  5 1.688E-09 0.7390 5.549E+01 1.716E+07
15  5 1.948E-09 0.7375 6.372E+01 1.947E+07
16  5 1.702E-09 0.7301 1.138E+02 2.253E+07
17  5 1.655E-09 0.7262 1.636E+02 2.543E+07
18  5 1.780E-09 0.7252 1.933E+02 2.837E+07
19  5 2.079E-09 0.7245 1.954E+02 3.156E+07
20  5 2.019E-09 0.7215 2.644E+02 3.506E+07
21  5 2.055E-09 0.7200 3.236E+02 3.860E+07
22  5 1.959E-09 0.7169 4.381E+02 4.258E+07
23  5 2.131E-09 0.7166 4.679E+02 4.637E+07
24  5 2.302E-09 0.7167 5.002E+02 5.030E+07
25  5 2.450E-09 0.7160 5.442E+02 5.456E+07
26  5 2.199E-09 0.7118 7.810E+02 5.946E+07
27  5 2.654E-09 0.7148 6.726E+02 6.351E+07
28  5 2.660E-09 0.7150 7.865E+02 6.761E+07
29  5 2.679E-09 0.7128 9.094E+02 7.300E+07
30  5 2.916E-09 0.7150 9.113E+02 7.726E+07
36  5 3.422E-09 0.7122 1.533E+03 1.107E+08
42  5 4.461E-09 0.7147 1.874E+03 1.481E+08
54  5 5.917E-09 0.7162 3.263E+03 2.390E+08
 7  6 6.387E-10 0.7308 9.467E-02 2.954E+06 0.2440 6.739E+04
 8  6 2.096E-09 0.7668 1.602E-01 4.377E+06 0.1070 1.392E+05
 9  6 1.468E-09 0.7652 1.284E+00 6.039E+06 0.0664 2.235E+05
10  6 1.861E-09 0.7593 2.504E+00 8.037E+06 0.0406 3.255E+05
11  6 1.077E-09 0.7469 1.430E+01 1.018E+07 0.0289 3.593E+05
12  6 9.133E-10 0.7353 3.674E+01 1.263E+07 0.0211 4.049E+05
13  6 4.100E-09 0.7507 5.134E+00 1.603E+07
14  6 2.100E-09 0.7401 2.523E+01 1.842E+07
15  6 1.763E-09 0.7310 5.234E+01 2.117E+07
16  6 1.518E-09 0.7246 9.845E+01 2.390E+07
17  6 1.440E-09 0.7187 1.522E+02 2.712E+07
18  6 1.464E-09 0.7144 2.040E+02 3.025E+07
19  6 1.461E-09 0.7108 2.734E+02 3.371E+07
20  6 1.532E-09 0.7089 3.305E+02 3.713E+07
21  6 1.432E-09 0.7048 4.761E+02 4.102E+07
22  6 1.458E-09 0.7005 5.875E+02 4.526E+07
23  6 1.532E-09 0.7008 6.698E+02 4.908E+07
24  6 1.567E-09 0.6986 7.957E+02 5.340E+07
25  6 1.642E-09 0.6982 8.948E+02 5.767E+07
26  6 1.659E-09 0.6958 1.061E+03 6.253E+07
27  6 1.672E-09 0.6935 1.254E+03 6.763E+07
28  6 1.744E-09 0.6928 1.385E+03 7.245E+07
29  6 2.128E-09 0.6988 1.157E+03 7.589E+07
30  6 1.805E-09 0.6906 1.794E+03 8.293E+07
36  6 2.330E-09 0.6908 2.631E+03 1.171E+08
42  6 2.791E-09 0.6893 3.801E+03 1.583E+08
54  6 3.626E-09 0.6904 6.985E+03 2.542E+08
 8  7 6.622E-11 0.6109 4.136E+00 4.214E+06 0.4093 8.770E+04
 9  7 5.595E-10 0.7083 1.462E+00 6.258E+06 0.1645 1.880E+05
10  7 8.321E-10 0.7254 3.332E+00 8.696E+06 0.0921 3.044E+05
11  7 1.087E-09 0.7284 6.132E+00 1.088E+07 0.0629 4.559E+05
12  7 7.515E-10 0.7203 2.582E+01 1.355E+07 0.0436 5.691E+05
13  7 7.728E-10 0.7152 4.818E+01 1.672E+07 0.0271 7.209E+05
14  7 7.532E-10 0.7072 8.860E+01 1.997E+07 0.0185 6.949E+05
15  7 1.570E-09 0.7190 4.177E+01 2.438E+07
16  7 1.137E-09 0.7080 1.099E+02 2.745E+07
17  7 1.146E-09 0.7033 1.593E+02 3.034E+07
18  7 1.022E-09 0.6948 2.747E+02 3.391E+07
19  7 9.722E-10 0.6898 4.087E+02 3.753E+07
20  7 9.575E-10 0.6843 5.634E+02 4.150E+07
21  7 1.011E-09 0.6827 6.726E+02 4.518E+07
22  7 1.043E-09 0.6798 8.226E+02 4.947E+07
23  7 1.049E-09 0.6763 1.032E+03 5.381E+07
24  7 1.053E-09 0.6736 1.278E+03 5.857E+07
25  7 1.089E-09 0.6713 1.488E+03 6.327E+07
26  7 1.135E-09 0.6705 1.691E+03 6.809E+07
27  7 1.177E-09 0.6687 1.921E+03 7.331E+07
28  7 1.172E-09 0.6652 2.320E+03 7.926E+07
29  7 1.295E-09 0.6672 2.319E+03 8.388E+07
30  7 1.250E-09 0.6640 2.899E+03 8.992E+07
36  7 1.497E-09 0.6596 4.992E+03 1.277E+08
42  7 1.748E-09 0.6593 7.627E+03 1.705E+08
54  7 2.624E-09 0.6641 1.134E+04 2.699E+08
 9  8 3.769E-11 0.5559 1.091E+01 6.413E+06 0.4534 1.095E+05
10  8 1.773E-10 0.6434 9.924E+00 8.878E+06 0.2205 2.292E+05
11  8 3.192E-10 0.6726 1.640E+01 1.263E+07 0.1232 3.725E+05
12  8 4.031E-10 0.6803 3.205E+01 1.626E+07 0.0764 5.399E+05
13  8 4.438E-10 0.6789 6.204E+01 1.940E+07 0.0571 7.410E+05
14  8 4.615E-10 0.6753 1.143E+02 2.377E+07 0.0356 8.595E+05
15  8 5.508E-10 0.6748 1.501E+02 2.772E+07 0.0213 1.109E+06
16  8 8.773E-10 0.6853 1.115E+02 3.386E+07
17  8 7.522E-10 0.6767 2.213E+02 3.678E+07
18  8 6.805E-10 0.6667 3.866E+02 4.062E+07
19  8 6.633E-10 0.6599 5.735E+02 4.447E+07
20  8 6.699E-10 0.6546 7.761E+02 4.861E+07
21  8 6.581E-10 0.6494 1.072E+03 5.292E+07
22  8 6.854E-10 0.6464 1.313E+03 5.733E+07
23  8 7.140E-10 0.6441 1.579E+03 6.195E+07
24  8 6.832E-10 0.6367 2.162E+03 6.770E+07
25  8 7.236E-10 0.6359 2.448E+03 7.264E+07
26  8 7.556E-10 0.6351 2.800E+03 7.742E+07
27  8 7.582E-10 0.6307 3.402E+03 8.406E+07
28  8 7.889E-10 0.6292 3.842E+03 8.956E+07
29  8 8.107E-10 0.6290 4.369E+03 9.503E+07
30  8 8.533E-10 0.6278 4.759E+03 1.011E+08
36  8 1.033E-09 0.6234 8.342E+03 1.417E+08
42  8 1.256E-09 0.6232 1.220E+04 1.882E+08
54  8 1.688E-09 0.6241 2.245E+04 2.986E+08
10  9 1.295E-11 0.3556 6.739E+01 7.563E+06 0.6472 1.598E+05
11  9 5.176E-11 0.4811 7.751E+01 1.351E+07 0.3467 3.140E+05
12  9 1.249E-10 0.5600 7.748E+01 2.015E+07 0.1917 5.139E+05
13  9 2.011E-10 0.5984 1.013E+02 2.635E+07 0.1072 7.591E+05
14  9 2.468E-10 0.6113 1.649E+02 3.231E+07 0.0636 9.837E+05
15  9 2.981E-10 0.6173 2.372E+02 3.807E+07 0.0361 1.306E+06
16  9 3.384E-10 0.6175 3.380E+02 4.347E+07 0.0225 1.672E+06
17  9 4.354E-10 0.6262 3.604E+02 5.251E+07
18  9 4.228E-10 0.6181 5.880E+02 5.535E+07
19  9 4.044E-10 0.6099 9.347E+02 5.922E+07
20  9 3.992E-10 0.6025 1.362E+03 6.373E+07
21  9 4.070E-10 0.5968 1.819E+03 6.864E+07
22  9 4.281E-10 0.5954 2.234E+03 7.270E+07
23  9 4.227E-10 0.5885 3.007E+03 7.863E+07
24  9 4.341E-10 0.5846 3.714E+03 8.452E+07
25  9 4.710E-10 0.5863 4.081E+03 8.874E+07
26  9 4.791E-10 0.5823 4.967E+03 9.535E+07
27  9 5.045E-10 0.5808 5.617E+03 1.015E+08
28  9 5.081E-10 0.5766 6.786E+03 1.088E+08
29  9 5.402E-10 0.5769 7.375E+03 1.150E+08
30  9 5.284E-10 0.5705 9.182E+03 1.239E+08
36  9 6.842E-10 0.5709 1.489E+04 1.680E+08
42  9 8.282E-10 0.5708 2.249E+04 2.193E+08
54  9 1.109E-09 0.5712 4.285E+04 3.443E+08
11 10 5.095E-12 0.0000 3.546E+02 2.310E+06 0.9395 4.297E+05
12 10 1.345E-11 0.1074 7.877E+02 7.925E+07 0.4631 5.027E+05
13 10 3.107E-11 0.2854 8.207E+02 8.117E+07 0.2631 7.693E+05
14 10 5.134E-11 0.3678 1.009E+03 8.514E+07 0.1646 1.084E+06
15 10 7.550E-11 0.4244 1.206E+03 8.603E+07 0.1008 1.498E+06
16 10 9.565E-11 0.4517 1.599E+03 9.252E+07 0.0612 1.986E+06
17 10 1.144E-10 0.4665 2.108E+03 9.895E+07 0.0362 2.397E+06
18 10 1.313E-10 0.4722 2.767E+03 1.066E+08 0.0208 2.725E+06
19 10 1.590E-10 0.4867 3.096E+03 1.192E+08
20 10 1.622E-10 0.4804 4.449E+03 1.204E+08
21 10 1.647E-10 0.4734 6.182E+03 1.253E+08
22 10 1.730E-10 0.4687 7.898E+03 1.302E+08
23 10 1.800E-10 0.4650 9.950E+03 1.357E+08
24 10 1.868E-10 0.4603 1.233E+04 1.432E+08
25 10 1.924E-10 0.4562 1.514E+04 1.509E+08
26 10 2.034E-10 0.4548 1.751E+04 1.579E+08
27 10 2.125E-10 0.4518 2.042E+04 1.667E+08
28 10 2.208E-10 0.4504 2.355E+04 1.749E+08
29 10 2.271E-10 0.4464 2.753E+04 1.853E+08
30 10 2.397E-10 0.4458 3.040E+04 1.941E+08
36 10 3.051E-10 0.4446 5.297E+04 2.530E+08
42 10 3.541E-10 0.4350 8.882E+04 3.334E+08
54 10 4.923E-10 0.4400 1.645E+05 5.012E+08
12 11 5.452E-11 0.6845 5.637E+00 1.551E+06 0.3945 8.360E+05
13 11 3.171E-11 0.4493 1.821E+02 3.529E+07 0.2642 7.190E+05
14 11 6.739E-11 0.4931 2.166E+02 4.491E+07 0.1667 9.046E+05
15 11 1.128E-10 0.5330 2.618E+02 4.963E+07 0.0994 1.244E+06
16 11 1.588E-10 0.5584 3.350E+02 5.188E+07 0.0591 1.656E+06
17 11 1.790E-10 0.5641 5.390E+02 5.733E+07 0.0340 2.038E+06
18 11 2.156E-10 0.5708 7.027E+02 6.146E+07 0.0169 2.845E+06
19 11 2.516E-10 0.5771 8.854E+02 6.829E+07
20 11 2.527E-10 0.5711 1.364E+03 6.926E+07
21 11 2.578E-10 0.5655 1.955E+03 7.157E+07
22 11 2.711E-10 0.5628 2.552E+03 7.416E+07
23 11 2.792E-10 0.5588 3.360E+03 7.736E+07
24 11 3.003E-10 0.5585 3.987E+03 8.062E+07
25 11 3.197E-10 0.5582 4.712E+03 8.394E+07
26 11 3.133E-10 0.5507 6.295E+03 9.035E+07
27 11 3.340E-10 0.5516 7.145E+03 9.384E+07
28 11 3.626E-10 0.5536 7.769E+03 9.785E+07
29 11 3.761E-10 0.5509 9.021E+03 1.036E+08
30 11 3.885E-10 0.5492 1.041E+04 1.095E+08
36 11 4.936E-10 0.5469 1.900E+04 1.455E+08
42 11 6.295E-10 0.5525 2.751E+04 1.846E+08
54 11 8.258E-10 0.5485 5.795E+04 2.911E+08
