4.45000000e-02   4.43736740e+00
4.55000000e-02   4.96524319e+00
4.65000000e-02   1.79498017e+01
4.75000000e-02   7.12783412e+00
4.85000000e-02   1.18697074e+01
4.95000000e-02   4.22601638e+01
5.05000000e-02   1.72185874e+01
5.15000000e-02   5.90079698e+00
5.25000000e-02   1.03972620e+01
5.35000000e-02   7.66272205e+00
5.45000000e-02   4.93920059e+00
5.55000000e-02   2.21167201e+01
5.65000000e-02   6.74319562e+00
5.75000000e-02   6.71815409e+00
5.85000000e-02   3.80531777e+01
5.95000000e-02   7.94118438e+00
6.05000000e-02   3.26642303e+01
6.15000000e-02   9.93249047e+00
6.25000000e-02   4.31316106e+01
6.35000000e-02   1.09181271e+01
6.45000000e-02   2.49113601e+00
6.55000000e-02   1.96726625e+00
6.65000000e-02   1.74389532e+00
6.75000000e-02   1.78897015e+00
6.85000000e-02   6.17124615e+00
6.95000000e-02   4.57759978e+00
7.05000000e-02   1.19598561e+01
7.15000000e-02   5.23969916e+00
7.25000000e-02   3.95556729e+00
7.35000000e-02   5.15355615e+00
7.45000000e-02   6.35054339e+00
7.55000000e-02   9.66905329e+00
7.65000000e-02   2.43704607e+01
7.75000000e-02   2.24572854e+01
7.85000000e-02   3.12919522e+01
7.95000000e-02   1.46242804e+01
8.05000000e-02   1.51451446e+01
8.15000000e-02   1.72085702e+01
8.25000000e-02   2.54322234e+01
8.35000000e-02   4.31316101e+01
8.45000000e-02   3.15824349e+01
8.55000000e-02   3.51683904e+01
8.65000000e-02   3.72818985e+01
8.75000000e-02   4.43736726e+01
8.85000000e-02   5.07141979e+01
8.95000000e-02   6.16824069e+01
9.05000000e-02   7.26406062e+01
9.15000000e-02   5.55221794e+01
9.25000000e-02   1.98229106e+01
9.35000000e-02   1.73488032e+01
9.45000000e-02   1.23705387e+01
9.55000000e-02   7.11881907e+00
9.65000000e-02   7.40228962e+00
9.75000000e-02   1.32920680e+02
9.85000000e-02   1.50750282e+01
9.95000000e-02   2.32586170e+01
1.00500000e-01   9.42164277e+00
1.01500000e-01   1.08880775e+01
1.02500000e-01   1.00266471e+02
1.03500000e-01   1.03471788e+02
1.04500000e-01   1.50249450e+01
1.05500000e-01   1.27211203e+01
1.06500000e-01   1.21101063e+01
1.07500000e-01   1.28513370e+01
1.08500000e-01   2.15557885e+01
1.09500000e-01   1.45040809e+01
1.10500000e-01   1.54656773e+01
1.11500000e-01   1.40332990e+01
1.12500000e-01   1.54957269e+01
1.13500000e-01   1.19398236e+01
1.14500000e-01   8.07841254e+00
1.15500000e-01   1.32720349e+01
1.16500000e-01   1.50049126e+01
1.17500000e-01   6.46873984e+01
1.18500000e-01   1.68880394e+01
1.19500000e-01   5.66139950e+01
1.19750000e-01   5.46807854e+01
1.19800000e-01   5.71348584e+01
1.19850000e-01   6.01298285e+01
1.19900000e-01   6.29144515e+01
1.19950000e-01   6.46373132e+01
1.20000000e-01   6.46272990e+01
1.20050000e-01   6.28844066e+01
1.20100000e-01   5.98493624e+01
1.20150000e-01   5.64837770e+01
1.20200000e-01   5.37792878e+01
1.20250000e-01   5.30981583e+01
1.20300000e-01   5.95288340e+01
1.20350000e-01   8.28976295e+01
1.20400000e-01   1.31818862e+02
1.20450000e-01   2.07444416e+02
1.20500000e-01   3.00398741e+02
1.20550000e-01   3.88945756e+02
1.20600000e-01   4.47142361e+02
1.20650000e-01   4.55456181e+02
1.20700000e-01   4.10581670e+02
1.20750000e-01   3.29446973e+02
1.20800000e-01   2.39898307e+02
1.20850000e-01   1.64573226e+02
1.20900000e-01   1.15091083e+02
1.20950000e-01   9.42665022e+01
1.21000000e-01   9.55386206e+01
1.21050000e-01   1.10082767e+02
1.21100000e-01   1.38930653e+02
1.21150000e-01   2.21267371e+02
1.21200000e-01   5.53318631e+02
1.21250000e-01   1.66175905e+03
1.21300000e-01   4.24705111e+03
1.21350000e-01   8.61530339e+03
1.21400000e-01   1.43738650e+04
1.21450000e-01   2.04940242e+04
1.21500000e-01   2.53821417e+04
1.21550000e-01   2.73854673e+04
1.21600000e-01   2.58328902e+04
1.21650000e-01   2.13254063e+04
1.21700000e-01   1.53755274e+04
1.21750000e-01   9.55285992e+03
1.21800000e-01   5.02434173e+03
1.21850000e-01   2.23270689e+03
1.21900000e-01   9.08508382e+02
1.21950000e-01   4.19796948e+02
1.22000000e-01   2.47911607e+02
1.22050000e-01   1.70783551e+02
1.22100000e-01   1.26209542e+02
1.22150000e-01   9.97956873e+01
1.22200000e-01   8.35286746e+01
1.22250000e-01   7.24903538e+01
1.22300000e-01   6.44470031e+01
1.22350000e-01   5.83568889e+01
1.22400000e-01   5.35889725e+01
1.22450000e-01   4.98227191e+01
1.22500000e-01   4.68878465e+01
1.22550000e-01   4.47442897e+01
1.22600000e-01   4.33319419e+01
1.22650000e-01   4.24304462e+01
1.22700000e-01   4.17993987e+01
1.22750000e-01   4.12584978e+01
1.22800000e-01   4.05172691e+01
1.22850000e-01   3.94354732e+01
1.22900000e-01   3.81333125e+01
1.22950000e-01   3.66308177e+01
1.23000000e-01   3.50281558e+01
1.23050000e-01   3.35456942e+01
1.23100000e-01   3.23737488e+01
1.23150000e-01   3.15223367e+01
1.23200000e-01   3.09714200e+01
1.23250000e-01   3.06609066e+01
1.23300000e-01   3.04505568e+01
1.23350000e-01   3.02702569e+01
1.23400000e-01   3.00298579e+01
1.23450000e-01   2.96692572e+01
1.23500000e-01   2.95891267e+01
1.23550000e-01   3.07911227e+01
1.23600000e-01   3.44071253e+01
1.23650000e-01   4.08778687e+01
1.23700000e-01   5.00831512e+01
1.23750000e-01   6.04703948e+01
1.23800000e-01   6.90346180e+01
1.23850000e-01   7.29210699e+01
1.23900000e-01   7.13985435e+01
1.23950000e-01   6.53484967e+01
1.24000000e-01   5.73852740e+01
1.24050000e-01   5.09445812e+01
1.24100000e-01   4.80898409e+01
1.24150000e-01   4.84804911e+01
1.24200000e-01   5.02033488e+01
1.24250000e-01   5.09445801e+01
1.24300000e-01   4.89713052e+01
1.24350000e-01   4.40831872e+01
1.24400000e-01   3.76725485e+01
1.24450000e-01   3.16024684e+01
1.24500000e-01   2.70949844e+01
1.24550000e-01   2.44706277e+01
1.24600000e-01   2.34689635e+01
1.24650000e-01   2.33487658e+01
1.24700000e-01   2.33487643e+01
1.24750000e-01   2.32185497e+01
1.24800000e-01   2.30683001e+01
1.24850000e-01   2.30182162e+01
1.24900000e-01   2.31684649e+01
1.24950000e-01   2.34489304e+01
1.25000000e-01   2.35991809e+01
1.25050000e-01   2.36392489e+01
1.25100000e-01   2.38295633e+01
1.25150000e-01   2.43003443e+01
1.25200000e-01   2.53320563e+01
1.25250000e-01   2.70348852e+01
1.25300000e-01   2.88979794e+01
1.25350000e-01   3.03604055e+01
1.25400000e-01   3.12018045e+01
1.25450000e-01   3.13119844e+01
1.25500000e-01   3.08912871e+01
1.25550000e-01   3.04605733e+01
1.25600000e-01   3.03904554e+01
1.25650000e-01   3.10215033e+01
1.25700000e-01   3.28244967e+01
1.25750000e-01   3.61400014e+01
1.25800000e-01   4.11683506e+01
1.25850000e-01   4.75088772e+01
1.25900000e-01   5.38994882e+01
1.25950000e-01   5.85071351e+01
1.26000000e-01   5.99094665e+01
1.26050000e-01   5.73251760e+01
1.26100000e-01   5.10447474e+01
1.26150000e-01   4.33419584e+01
1.26200000e-01   3.80832269e+01
1.26250000e-01   3.86241250e+01
1.26300000e-01   4.59663172e+01
1.26350000e-01   5.86674034e+01
1.26400000e-01   7.30512864e+01
1.26450000e-01   8.39093093e+01
1.26500000e-01   8.66138021e+01
1.26550000e-01   8.02632643e+01
1.26600000e-01   6.76022326e+01
1.26650000e-01   5.25272082e+01
1.26700000e-01   3.85740408e+01
1.26750000e-01   2.82769481e+01
1.26800000e-01   2.21868373e+01
1.26850000e-01   1.92519630e+01
1.26900000e-01   1.80099015e+01
1.26950000e-01   1.75992186e+01
1.27000000e-01   1.75892016e+01
1.27050000e-01   1.76493022e+01
1.27100000e-01   1.75591521e+01
1.27150000e-01   1.73688377e+01
1.27200000e-01   1.74089023e+01
1.27250000e-01   1.79898679e+01
1.27300000e-01   1.93521296e+01
1.27350000e-01   2.14956880e+01
1.27400000e-01   2.41300614e+01
1.27450000e-01   2.67143512e+01
1.27500000e-01   2.89480610e+01
1.27550000e-01   3.06208395e+01
1.27600000e-01   3.15523859e+01
1.27650000e-01   3.18929512e+01
1.27700000e-01   3.18729157e+01
1.27750000e-01   3.14822679e+01
1.27800000e-01   3.08812712e+01
1.27850000e-01   3.02902880e+01
1.27900000e-01   2.96091586e+01
1.27950000e-01   2.86275298e+01
1.28000000e-01   2.72252001e+01
1.28050000e-01   2.52719583e+01
1.28100000e-01   2.28279010e+01
1.28150000e-01   2.02836748e+01
1.28200000e-01   1.80399505e+01
1.28250000e-01   1.63471397e+01
1.28300000e-01   1.53454782e+01
1.28350000e-01   1.48646803e+01
1.28400000e-01   1.46142626e+01
1.28450000e-01   1.45040806e+01
1.28500000e-01   1.46342968e+01
1.28550000e-01   1.52853778e+01
1.28600000e-01   1.66676739e+01
1.28650000e-01   1.88813472e+01
1.28700000e-01   2.17160537e+01
1.28750000e-01   2.46609434e+01
1.28800000e-01   2.69647693e+01
1.28850000e-01   2.80866324e+01
1.28900000e-01   2.78862963e+01
1.28950000e-01   2.64439024e+01
1.29000000e-01   2.42101949e+01
1.29050000e-01   2.17861705e+01
1.29100000e-01   1.95925293e+01
1.29150000e-01   1.79097335e+01
1.29200000e-01   1.69681712e+01
1.29250000e-01   1.69281041e+01
1.29300000e-01   1.77695028e+01
1.29350000e-01   1.94522973e+01
1.29400000e-01   2.17260698e+01
1.29450000e-01   2.41000122e+01
1.29500000e-01   2.60131895e+01
1.29550000e-01   2.71751187e+01
1.29600000e-01   2.76258687e+01
1.29650000e-01   2.76559156e+01
1.29700000e-01   2.78261979e+01
1.29750000e-01   2.86375458e+01
1.29800000e-01   3.02301913e+01
1.29850000e-01   3.31650650e+01
1.29900000e-01   3.99062543e+01
1.29950000e-01   5.46807855e+01
1.30000000e-01   7.98826270e+01
1.30050000e-01   1.12586930e+02
1.30100000e-01   1.47444808e+02
1.30150000e-01   1.78897006e+02
1.30200000e-01   2.02035429e+02
1.30250000e-01   2.17060382e+02
1.30300000e-01   2.32185492e+02
1.30350000e-01   2.55724569e+02
1.30400000e-01   2.87477277e+02
1.30450000e-01   3.18528825e+02
1.30500000e-01   3.36057949e+02
1.30550000e-01   3.29647315e+02
1.30600000e-01   2.95590770e+02
1.30650000e-01   2.40399105e+02
1.30700000e-01   1.79097353e+02
1.30750000e-01   1.26610200e+02
1.30800000e-01   8.99593566e+01
1.30850000e-01   6.91047354e+01
1.30900000e-01   5.98293300e+01
1.30950000e-01   5.58427128e+01
1.31000000e-01   5.21866422e+01
1.31050000e-01   4.74688116e+01
1.31100000e-01   4.21099176e+01
1.31150000e-01   3.69914126e+01
1.31200000e-01   3.27343476e+01
1.31250000e-01   2.94989750e+01
1.31300000e-01   2.69647698e+01
1.31350000e-01   2.51116930e+01
1.31400000e-01   2.42302269e+01
1.31450000e-01   2.44405766e+01
1.31500000e-01   2.55624414e+01
1.31550000e-01   2.73654340e+01
1.31600000e-01   2.93387115e+01
1.31650000e-01   3.08812688e+01
1.31700000e-01   3.18428661e+01
1.31750000e-01   3.23336844e+01
1.31800000e-01   3.21533840e+01
1.31850000e-01   3.11316883e+01
1.31900000e-01   2.93086595e+01
1.31950000e-01   2.68045021e+01
1.32000000e-01   2.39197127e+01
1.32050000e-01   2.13254074e+01
1.32100000e-01   1.96626455e+01
1.32150000e-01   1.91918639e+01
1.32200000e-01   1.97628116e+01
1.32250000e-01   2.09247392e+01
1.32300000e-01   2.21167208e+01
1.32350000e-01   2.28479355e+01
1.32400000e-01   2.29681326e+01
1.32450000e-01   2.26175509e+01
1.32500000e-01   2.21067034e+01
1.32550000e-01   2.16960222e+01
1.32600000e-01   2.17461041e+01
1.32650000e-01   2.26576159e+01
1.32700000e-01   2.45507598e+01
1.32750000e-01   2.72652664e+01
1.32800000e-01   3.03003068e+01
1.32850000e-01   3.29046329e+01
1.32900000e-01   3.42168064e+01
1.32950000e-01   3.38261579e+01
1.33000000e-01   3.18428665e+01
1.33050000e-01   2.91684284e+01
1.33100000e-01   2.91483967e+01
1.33150000e-01   4.13987298e+01
1.33200000e-01   7.78893188e+01
1.33250000e-01   1.47945626e+02
1.33300000e-01   2.57527555e+02
1.33350000e-01   3.97660253e+02
1.33400000e-01   5.36991497e+02
1.33450000e-01   6.38459967e+02
1.33500000e-01   6.76523222e+02
1.33550000e-01   6.35855727e+02
1.33600000e-01   5.26574256e+02
1.33650000e-01   3.84037581e+02
1.33700000e-01   2.46709600e+02
1.33750000e-01   1.38229494e+02
1.33800000e-01   6.86840381e+01
1.33850000e-01   3.46475233e+01
1.33900000e-01   2.31384151e+01
1.33950000e-01   2.08145580e+01
1.34000000e-01   2.06042087e+01
1.34050000e-01   2.08045425e+01
1.34100000e-01   2.11651400e+01
1.34150000e-01   2.14255710e+01
1.34200000e-01   2.15958552e+01
1.34250000e-01   2.16259042e+01
1.34300000e-01   2.15257396e+01
1.34350000e-01   2.14556230e+01
1.34400000e-01   2.15157209e+01
1.34450000e-01   2.15557880e+01
1.34500000e-01   2.16259042e+01
1.34550000e-01   2.18362548e+01
1.34600000e-01   2.20966867e+01
1.34650000e-01   2.23370838e+01
1.34700000e-01   2.26576167e+01
1.34750000e-01   2.30682996e+01
1.34800000e-01   2.36793136e+01
1.34850000e-01   2.50616090e+01
1.34900000e-01   2.76258660e+01
1.34950000e-01   3.14422014e+01
1.35000000e-01   3.62201344e+01
1.35050000e-01   4.09279533e+01
1.35100000e-01   4.41032249e+01
1.35150000e-01   4.48945346e+01
1.35200000e-01   4.34821901e+01
1.35250000e-01   4.13586664e+01
1.35300000e-01   4.05974029e+01
1.35350000e-01   4.26508146e+01
1.35400000e-01   4.77993577e+01
1.35450000e-01   5.46006510e+01
1.35500000e-01   6.05004484e+01
1.35550000e-01   6.35655368e+01
1.35600000e-01   6.32450040e+01
1.35650000e-01   6.01398456e+01
1.35700000e-01   5.60730962e+01
1.35750000e-01   5.24671080e+01
1.35800000e-01   4.96925034e+01
1.35850000e-01   4.75789949e+01
1.35900000e-01   4.54855157e+01
1.35950000e-01   4.27910450e+01
1.36000000e-01   3.99863869e+01
1.36050000e-01   3.71316482e+01
1.36100000e-01   3.45573750e+01
1.36150000e-01   3.29947794e+01
1.36200000e-01   3.22535494e+01
1.36250000e-01   3.22635655e+01
1.36300000e-01   3.24338497e+01
1.36350000e-01   3.26241671e+01
1.36400000e-01   3.22235002e+01
1.36450000e-01   3.14622365e+01
1.36500000e-01   3.04605717e+01
1.36550000e-01   2.96792760e+01
1.36600000e-01   2.90882947e+01
1.36650000e-01   2.90281936e+01
1.36700000e-01   2.93787765e+01
1.36750000e-01   3.03003060e+01
1.36800000e-01   3.15123182e+01
1.36850000e-01   3.29246642e+01
1.36900000e-01   3.43770737e+01
1.36950000e-01   3.59597016e+01
1.37000000e-01   3.72818986e+01
1.37050000e-01   3.82134468e+01
1.37100000e-01   3.85740429e+01
1.37150000e-01   3.84738756e+01
1.37200000e-01   3.78127767e+01
1.37250000e-01   3.67109487e+01
1.37300000e-01   3.52385047e+01
1.37350000e-01   3.37259956e+01
1.37400000e-01   3.23436988e+01
1.37450000e-01   3.12518847e+01
1.37500000e-01   3.03704229e+01
1.37550000e-01   2.98595751e+01
1.37600000e-01   2.96291950e+01
1.37650000e-01   2.97594082e+01
1.37700000e-01   3.01801067e+01
1.37750000e-01   3.08712548e+01
1.37800000e-01   3.17627347e+01
1.37850000e-01   3.29547174e+01
1.37900000e-01   3.40264900e+01
1.37950000e-01   3.49780709e+01
1.38000000e-01   3.57293216e+01
1.38050000e-01   3.61299859e+01
1.38100000e-01   3.59597043e+01
1.38150000e-01   3.54588684e+01
1.38200000e-01   3.46875909e+01
1.38250000e-01   3.38361780e+01
1.38300000e-01   3.30648950e+01
1.38350000e-01   3.25640677e+01
1.38400000e-01   3.22936136e+01
1.38450000e-01   3.23937830e+01
1.38500000e-01   3.27944487e+01
1.38550000e-01   3.34455303e+01
1.38600000e-01   3.41767449e+01
1.38650000e-01   3.49680561e+01
1.38700000e-01   3.55790687e+01
1.38750000e-01   3.60298173e+01
1.38800000e-01   3.61199715e+01
1.38850000e-01   3.60598683e+01
1.38900000e-01   3.58595332e+01
1.38950000e-01   3.57593699e+01
1.39000000e-01   3.77126134e+01
1.39050000e-01   4.60865151e+01
1.39100000e-01   6.51181122e+01
1.39150000e-01   9.62798459e+01
1.39200000e-01   1.36426497e+02
1.39250000e-01   1.77094013e+02
1.39300000e-01   2.08846744e+02
1.39350000e-01   2.24072024e+02
1.39400000e-01   2.18763200e+02
1.39450000e-01   1.93921957e+02
1.39500000e-01   1.57862089e+02
1.39550000e-01   1.19899067e+02
1.39600000e-01   8.69143027e+01
1.39650000e-01   6.24837376e+01
1.39700000e-01   4.86307370e+01
1.39750000e-01   4.39529736e+01
1.39800000e-01   4.48144031e+01
1.39850000e-01   4.77693126e+01
1.39900000e-01   5.26574235e+01
1.39950000e-01   6.12216426e+01
1.40000000e-01   7.45237290e+01
1.40050000e-01   9.22531680e+01
1.40100000e-01   1.12987596e+02
1.40150000e-01   1.32419848e+02
1.40200000e-01   1.45842134e+02
1.40250000e-01   1.50750282e+02
1.40300000e-01   1.46042464e+02
1.40350000e-01   1.32520028e+02
1.40400000e-01   1.14189580e+02
1.40450000e-01   9.52080682e+01
1.40500000e-01   7.86105125e+01
1.40550000e-01   6.58593483e+01
1.40600000e-01   5.74153253e+01
1.40650000e-01   5.27375566e+01
1.40700000e-01   5.05739650e+01
1.40750000e-01   4.92918382e+01
1.40800000e-01   4.83502739e+01
1.40850000e-01   4.79596284e+01
1.40900000e-01   4.81699729e+01
1.40950000e-01   4.88711382e+01
1.41000000e-01   4.99028502e+01
1.41050000e-01   5.09946648e+01
1.41100000e-01   5.20764610e+01
1.41150000e-01   5.26774577e+01
1.41200000e-01   5.26874741e+01
1.41250000e-01   5.22267112e+01
1.41300000e-01   5.16056815e+01
1.41350000e-01   5.07142004e+01
1.41400000e-01   5.00731306e+01
1.41450000e-01   4.96925019e+01
1.41500000e-01   4.96824880e+01
1.41550000e-01   4.98527711e+01
1.41600000e-01   5.01632874e+01
1.41650000e-01   5.03836462e+01
1.41700000e-01   5.05739649e+01
1.41750000e-01   5.05439155e+01
1.41800000e-01   5.03536000e+01
1.41850000e-01   5.01031885e+01
1.41900000e-01   4.98327334e+01
1.41950000e-01   4.95522686e+01
1.42000000e-01   4.93419222e+01
1.42050000e-01   4.92517711e+01
1.42100000e-01   4.92117064e+01
1.42150000e-01   4.96724666e+01
1.42200000e-01   5.08644460e+01
1.42250000e-01   5.31482392e+01
1.42300000e-01   5.63735949e+01
1.42350000e-01   6.00296680e+01
1.42400000e-01   6.32149525e+01
1.42450000e-01   6.52182762e+01
1.42500000e-01   6.53885600e+01
1.42550000e-01   6.37057739e+01
1.42600000e-01   6.07708983e+01
1.42650000e-01   5.73652406e+01
1.42700000e-01   5.43602498e+01
1.42750000e-01   5.21666126e+01
1.42800000e-01   5.08343986e+01
1.42850000e-01   5.05940018e+01
1.42900000e-01   5.14854762e+01
1.42950000e-01   5.30981571e+01
1.43000000e-01   5.54019821e+01
1.43050000e-01   5.86273376e+01
1.43100000e-01   6.21632078e+01
1.43150000e-01   6.55688555e+01
1.43200000e-01   6.81832030e+01
1.43250000e-01   6.95755114e+01
1.43300000e-01   6.94953820e+01
1.43350000e-01   6.83034059e+01
1.43400000e-01   6.63000698e+01
1.43450000e-01   6.42666950e+01
1.43500000e-01   6.25538553e+01
1.43550000e-01   6.12917637e+01
1.43600000e-01   6.05104659e+01
1.43650000e-01   6.00496978e+01
1.43700000e-01   5.96289999e+01
1.43750000e-01   5.90079692e+01
1.43800000e-01   5.84270052e+01
1.43850000e-01   5.78460443e+01
1.43900000e-01   5.73552222e+01
1.43950000e-01   5.69946227e+01
1.44000000e-01   5.70547281e+01
1.44050000e-01   5.71048093e+01
1.44100000e-01   5.74654096e+01
1.44150000e-01   5.78560535e+01
1.44200000e-01   5.82967892e+01
1.44250000e-01   5.88276683e+01
1.44300000e-01   5.96590514e+01
1.44350000e-01   6.02700648e+01
1.44400000e-01   6.10213086e+01
1.44450000e-01   6.17024400e+01
1.44500000e-01   6.21832408e+01
1.44550000e-01   6.24436735e+01
1.44600000e-01   6.24336593e+01
1.44650000e-01   6.20129544e+01
1.44700000e-01   6.15121235e+01
1.44750000e-01   6.08510295e+01
1.44800000e-01   6.01198162e+01
1.44850000e-01   5.96089688e+01
1.44900000e-01   5.92683990e+01
1.44950000e-01   5.91381821e+01
1.45000000e-01   5.93084669e+01
1.45050000e-01   5.96390181e+01
1.45100000e-01   6.00296680e+01
1.45150000e-01   6.05905946e+01
1.45200000e-01   6.13117910e+01
1.45250000e-01   6.23334888e+01
1.45300000e-01   6.34353233e+01
1.45350000e-01   6.45371492e+01
1.45400000e-01   6.55888936e+01
1.45450000e-01   6.63902244e+01
1.45500000e-01   6.66206078e+01
1.45550000e-01   6.65504936e+01
1.45600000e-01   6.61598464e+01
1.45650000e-01   6.58593445e+01
1.45700000e-01   6.57191087e+01
1.45750000e-01   6.57992470e+01
1.45800000e-01   6.61999134e+01
1.45850000e-01   6.68910600e+01
1.45900000e-01   6.73618340e+01
1.45950000e-01   6.75721867e+01
1.46000000e-01   6.77524854e+01
1.46050000e-01   6.81431370e+01
1.46100000e-01   6.90346194e+01
1.46150000e-01   7.04269205e+01
1.46200000e-01   7.22499542e+01
1.46250000e-01   7.40529505e+01
1.46300000e-01   7.54753123e+01
1.46350000e-01   7.60362453e+01
1.46400000e-01   7.60362392e+01
1.46450000e-01   7.57958363e+01
1.46500000e-01   7.62065242e+01
1.46550000e-01   7.77891534e+01
1.46600000e-01   8.06739449e+01
1.46650000e-01   8.42298415e+01
1.46700000e-01   8.78057792e+01
1.46750000e-01   9.05102711e+01
1.46800000e-01   9.15720381e+01
1.46850000e-01   9.09710389e+01
1.46900000e-01   8.92581906e+01
1.46950000e-01   8.75453432e+01
1.47000000e-01   8.71346656e+01
1.47050000e-01   8.97089444e+01
1.47100000e-01   9.57690058e+01
1.47150000e-01   1.04874114e+02
1.47200000e-01   1.15391576e+02
1.47250000e-01   1.24807213e+02
1.47300000e-01   1.30817199e+02
1.47350000e-01   1.32019187e+02
1.47400000e-01   1.27912364e+02
1.47450000e-01   1.19899062e+02
1.47500000e-01   1.09581932e+02
1.47550000e-01   9.91546262e+01
1.47600000e-01   9.00094433e+01
1.47650000e-01   8.32882760e+01
1.47700000e-01   7.90612592e+01
1.47750000e-01   7.67774722e+01
1.47800000e-01   7.56956780e+01
1.47850000e-01   7.63066955e+01
1.47900000e-01   7.87206918e+01
1.47950000e-01   8.29777664e+01
1.48000000e-01   8.91680419e+01
1.48050000e-01   9.67406161e+01
1.48100000e-01   1.03972625e+02
1.48150000e-01   1.09481766e+02
1.48200000e-01   1.12186259e+02
1.48250000e-01   1.11485094e+02
1.48300000e-01   1.08379940e+02
1.48350000e-01   1.04072794e+02
1.48400000e-01   9.98257341e+01
1.48450000e-01   9.72214135e+01
1.48500000e-01   9.64401165e+01
1.48550000e-01   9.69209140e+01
1.48600000e-01   9.76421149e+01
1.48650000e-01   9.79125574e+01
1.48700000e-01   9.69409472e+01
1.48750000e-01   9.47673364e+01
1.48800000e-01   9.17523356e+01
1.48850000e-01   8.87373344e+01
1.48900000e-01   8.61029505e+01
1.48950000e-01   8.46405233e+01
1.49000000e-01   8.43500442e+01
1.49050000e-01   8.51914444e+01
1.49100000e-01   8.67540352e+01
1.49150000e-01   8.85169608e+01
1.49200000e-01   9.00495057e+01
1.49250000e-01   9.11012498e+01
1.49300000e-01   9.13516715e+01
1.49350000e-01   9.10912372e+01
1.49400000e-01   9.04601834e+01
1.49450000e-01   8.95687037e+01
1.49500000e-01   8.86571936e+01
1.49550000e-01   8.80361639e+01
1.49600000e-01   8.76154714e+01
1.49650000e-01   8.75152953e+01
1.49700000e-01   8.75453438e+01
1.49750000e-01   8.81363307e+01
1.49800000e-01   8.93082798e+01
1.49850000e-01   9.09009246e+01
1.49900000e-01   9.27239416e+01
1.49950000e-01   9.49276019e+01
1.50000000e-01   9.69709954e+01
1.50050000e-01   9.86532891e+01
1.50100000e-01   9.97445851e+01
1.50150000e-01   1.00104665e+02
1.50200000e-01   9.99639206e+01
1.50250000e-01   9.94726144e+01
1.50300000e-01   9.86407497e+01
1.50350000e-01   9.77888645e+01
1.50400000e-01   9.71673506e+01
1.50450000e-01   9.65859190e+01
1.50500000e-01   9.62548941e+01
1.50550000e-01   9.61041641e+01
1.50600000e-01   9.63841297e+01
1.50650000e-01   9.69345092e+01
1.50700000e-01   9.75550100e+01
1.50750000e-01   9.83758183e+01
1.50800000e-01   9.97274606e+01
1.50850000e-01   1.01459693e+02
1.50900000e-01   1.03662635e+02
1.50950000e-01   1.06166032e+02
1.51000000e-01   1.08469099e+02
1.51050000e-01   1.10271363e+02
1.51100000e-01   1.10971902e+02
1.51150000e-01   1.10470568e+02
1.51200000e-01   1.09067873e+02
1.51250000e-01   1.07164399e+02
1.51300000e-01   1.05160788e+02
1.51350000e-01   1.03657971e+02
1.51400000e-01   1.02555757e+02
1.51450000e-01   1.02354936e+02
1.51500000e-01   1.02454571e+02
1.51550000e-01   1.02754499e+02
1.51600000e-01   1.03054424e+02
1.51650000e-01   1.03354344e+02
1.51700000e-01   1.03353816e+02
1.51750000e-01   1.03453463e+02
1.51800000e-01   1.03352819e+02
1.51850000e-01   1.03352331e+02
1.51900000e-01   1.03652261e+02
1.51950000e-01   1.04052360e+02
1.52000000e-01   1.04752882e+02
1.52050000e-01   1.05653698e+02
1.52100000e-01   1.07055234e+02
1.52150000e-01   1.08657034e+02
1.52200000e-01   1.10559270e+02
1.52250000e-01   1.12161057e+02
1.52300000e-01   1.14263544e+02
1.52350000e-01   1.17768015e+02
1.52400000e-01   1.24577136e+02
1.52450000e-01   1.34991330e+02
1.52500000e-01   1.48009088e+02
1.52550000e-01   1.61527667e+02
1.52600000e-01   1.72542645e+02
1.52650000e-01   1.78250107e+02
1.52700000e-01   1.76747453e+02
1.52750000e-01   1.68635598e+02
1.52800000e-01   1.56818630e+02
1.52850000e-01   1.44300761e+02
1.52900000e-01   1.33184920e+02
1.52950000e-01   1.25774287e+02
1.53000000e-01   1.23570915e+02
1.53050000e-01   1.27175565e+02
1.53100000e-01   1.36087540e+02
1.53150000e-01   1.49505624e+02
1.53200000e-01   1.65226881e+02
1.53250000e-01   1.79746380e+02
1.53300000e-01   1.90060083e+02
1.53350000e-01   1.93264064e+02
1.53400000e-01   1.88457072e+02
1.53450000e-01   1.77942356e+02
1.53500000e-01   1.65424978e+02
1.53550000e-01   1.53508137e+02
1.53600000e-01   1.44194895e+02
1.53650000e-01   1.38386460e+02
1.53700000e-01   1.35281711e+02
1.53750000e-01   1.33779128e+02
1.53800000e-01   1.32977499e+02
1.53850000e-01   1.32876799e+02
1.53900000e-01   1.34378240e+02
1.53950000e-01   1.37281504e+02
1.54000000e-01   1.40685414e+02
1.54050000e-01   1.43688776e+02
1.54100000e-01   1.45290266e+02
1.54150000e-01   1.44388473e+02
1.54200000e-01   1.41584217e+02
1.54250000e-01   1.38179221e+02
1.54300000e-01   1.35274894e+02
1.54350000e-01   1.33472003e+02
1.54400000e-01   1.33471433e+02
1.54450000e-01   1.36975362e+02
1.54500000e-01   1.51393171e+02
1.54550000e-01   1.86537346e+02
1.54600000e-01   2.41406311e+02
1.54650000e-01   3.10092345e+02
1.54700000e-01   3.84384943e+02
1.54750000e-01   4.50266477e+02
1.54800000e-01   4.95621803e+02
1.54850000e-01   5.16345971e+02
1.54900000e-01   5.09345610e+02
1.54950000e-01   4.82100395e+02
1.55000000e-01   4.44738383e+02
1.55050000e-01   4.00565043e+02
1.55100000e-01   3.52585394e+02
1.55150000e-01   3.06376881e+02
1.55200000e-01   2.62722290e+02
1.55250000e-01   2.21671176e+02
1.55300000e-01   1.85826695e+02
1.55350000e-01   1.58192462e+02
1.55400000e-01   1.42072359e+02
1.55450000e-01   1.36264845e+02
1.55500000e-01   1.36064165e+02
1.55550000e-01   1.38166112e+02
1.55600000e-01   1.43071440e+02
1.55650000e-01   1.51580978e+02
1.55700000e-01   1.64295478e+02
1.55750000e-01   1.82716631e+02
1.55800000e-01   2.07445100e+02
1.55850000e-01   2.37379467e+02
1.55900000e-01   2.68615099e+02
1.55950000e-01   2.95645584e+02
1.56000000e-01   3.13565225e+02
1.56050000e-01   3.18469619e+02
1.56100000e-01   3.09257634e+02
1.56150000e-01   2.88432324e+02
1.56200000e-01   2.61299980e+02
1.56250000e-01   2.33366934e+02
1.56300000e-01   2.09138347e+02
1.56350000e-01   1.90115879e+02
1.56400000e-01   1.77500803e+02
1.56450000e-01   1.70492165e+02
1.56500000e-01   1.67488085e+02
1.56550000e-01   1.67287337e+02
1.56600000e-01   1.68788513e+02
1.56650000e-01   1.71791352e+02
1.56700000e-01   1.76395954e+02
1.56750000e-01   1.82101756e+02
1.56800000e-01   1.88408176e+02
1.56850000e-01   1.94614486e+02
1.56900000e-01   1.99519283e+02
1.56950000e-01   2.02722220e+02
1.57000000e-01   2.03021975e+02
1.57050000e-01   2.01219435e+02
1.57100000e-01   1.98315694e+02
1.57150000e-01   1.96613286e+02
1.57200000e-01   1.98214450e+02
1.57250000e-01   2.03819957e+02
1.57300000e-01   2.12128320e+02
1.57350000e-01   2.20937194e+02
1.57400000e-01   2.27443554e+02
1.57450000e-01   2.28544110e+02
1.57500000e-01   2.23738371e+02
1.57550000e-01   2.14127288e+02
1.57600000e-01   2.01913541e+02
1.57650000e-01   1.89399539e+02
1.57700000e-01   1.78887772e+02
1.57750000e-01   1.71579426e+02
1.57800000e-01   1.68075094e+02
1.57850000e-01   1.67974341e+02
1.57900000e-01   1.70676468e+02
1.57950000e-01   1.74279501e+02
1.58000000e-01   1.77482124e+02
1.58050000e-01   1.79383348e+02
1.58100000e-01   1.78982263e+02
1.58150000e-01   1.76779295e+02
1.58200000e-01   1.74075876e+02
1.58250000e-01   1.72773881e+02
1.58300000e-01   1.73674129e+02
1.58350000e-01   1.76276029e+02
1.58400000e-01   1.80179224e+02
1.58450000e-01   1.83982278e+02
1.58500000e-01   1.86884425e+02
1.58550000e-01   1.89185950e+02
1.58600000e-01   1.91287255e+02
1.58650000e-01   1.93588736e+02
1.58700000e-01   1.96590892e+02
1.58750000e-01   1.99392838e+02
1.58800000e-01   2.01193790e+02
1.58850000e-01   2.01393177e+02
1.58900000e-01   1.99690735e+02
1.58950000e-01   1.96286717e+02
1.59000000e-01   1.92682532e+02
1.59050000e-01   1.89478752e+02
1.59100000e-01   1.87476113e+02
1.59150000e-01   1.87075006e+02
1.59200000e-01   1.88775848e+02
1.59250000e-01   1.91477620e+02
1.59300000e-01   1.94779908e+02
1.59350000e-01   1.97781919e+02
1.59400000e-01   1.99682834e+02
1.59450000e-01   1.99682066e+02
1.59500000e-01   1.97279087e+02
1.59550000e-01   1.92774275e+02
1.59600000e-01   1.87468750e+02
1.59650000e-01   1.82263368e+02
1.59700000e-01   1.77758638e+02
1.59750000e-01   1.74955466e+02
1.59800000e-01   1.74254172e+02
1.59850000e-01   1.75554667e+02
1.59900000e-01   1.78556603e+02
1.59950000e-01   1.84060733e+02
1.60000000e-01   1.91266302e+02
1.60050000e-01   1.99572762e+02
1.60100000e-01   2.07779062e+02
1.60150000e-01   2.14484017e+02
1.60200000e-01   2.18486610e+02
1.60250000e-01   2.18886114e+02
1.60300000e-01   2.16082931e+02
1.60350000e-01   2.11177951e+02
1.60400000e-01   2.05572434e+02
1.60450000e-01   2.00367307e+02
1.60500000e-01   1.97163882e+02
1.60550000e-01   1.96462514e+02
1.60600000e-01   1.98763637e+02
1.60650000e-01   2.03266537e+02
1.60700000e-01   2.08970399e+02
1.60750000e-01   2.14774276e+02
1.60800000e-01   2.20778272e+02
1.60850000e-01   2.26181755e+02
1.60900000e-01   2.31184860e+02
1.60950000e-01   2.36187907e+02
1.61000000e-01   2.42191733e+02
1.61050000e-01   2.48996143e+02
1.61100000e-01   2.57101541e+02
1.61150000e-01   2.65206782e+02
1.61200000e-01   2.71810901e+02
1.61250000e-01   2.75312524e+02
1.61300000e-01   2.74711002e+02
1.61350000e-01   2.69105632e+02
1.61400000e-01   2.59597322e+02
1.61450000e-01   2.48788122e+02
1.61500000e-01   2.38379303e+02
1.61550000e-01   2.30372352e+02
1.61600000e-01   2.26368460e+02
1.61650000e-01   2.26267466e+02
1.61700000e-01   2.28868471e+02
1.61750000e-01   2.32970574e+02
1.61800000e-01   2.36672308e+02
1.61850000e-01   2.39873700e+02
1.61900000e-01   2.43175072e+02
1.61950000e-01   2.47076901e+02
1.62000000e-01   2.52479740e+02
1.62050000e-01   2.60084126e+02
1.62100000e-01   2.68188783e+02
1.62150000e-01   2.75292656e+02
1.62200000e-01   2.81095593e+02
1.62250000e-01   2.84897110e+02
1.62300000e-01   2.87197531e+02
1.62350000e-01   2.88897544e+02
1.62400000e-01   2.90597514e+02
1.62450000e-01   2.93198110e+02
1.62500000e-01   2.95598519e+02
1.62550000e-01   2.96698293e+02
1.62600000e-01   2.96096923e+02
1.62650000e-01   2.93994528e+02
1.62700000e-01   2.91191739e+02
1.62750000e-01   2.88689143e+02
1.62800000e-01   2.86887034e+02
1.62850000e-01   2.85685295e+02
1.62900000e-01   2.84983885e+02
1.62950000e-01   2.84282527e+02
1.63000000e-01   2.84281605e+02
1.63050000e-01   2.85181244e+02
1.63100000e-01   2.88882695e+02
1.63150000e-01   2.95685998e+02
1.63200000e-01   3.03189737e+02
1.63250000e-01   3.09892948e+02
1.63300000e-01   3.14294665e+02
1.63350000e-01   3.13993474e+02
1.63400000e-01   3.09789842e+02
1.63450000e-01   3.04585701e+02
1.63500000e-01   2.99281522e+02
1.63550000e-01   2.96678979e+02
1.63600000e-01   2.97578572e+02
1.63650000e-01   3.01880161e+02
1.63700000e-01   3.11384808e+02
1.63750000e-01   3.28393900e+02
1.63800000e-01   3.51306278e+02
1.63850000e-01   3.78220872e+02
1.63900000e-01   4.06174336e+02
1.63950000e-01   4.28811919e+02
1.64000000e-01   4.40531397e+02
1.64050000e-01   4.39028920e+02
1.64100000e-01   4.25806967e+02
1.64150000e-01   4.03928143e+02
1.64200000e-01   3.80813911e+02
1.64250000e-01   3.61401865e+02
1.64300000e-01   3.47292880e+02
1.64350000e-01   3.38687042e+02
1.64400000e-01   3.33883334e+02
1.64450000e-01   3.28079087e+02
1.64500000e-01   3.20674046e+02
1.64550000e-01   3.13269314e+02
1.64600000e-01   3.07365404e+02
1.64650000e-01   3.04262988e+02
1.64700000e-01   3.04562426e+02
1.64750000e-01   3.06162544e+02
1.64800000e-01   3.07962789e+02
1.64850000e-01   3.08862557e+02
1.64900000e-01   3.07861319e+02
1.64950000e-01   3.04959092e+02
1.65000000e-01   3.00856269e+02
1.65050000e-01   2.96253166e+02
1.65100000e-01   2.93451076e+02
1.65150000e-01   2.94150765e+02
1.65200000e-01   2.98452294e+02
1.65250000e-01   3.07356168e+02
1.65300000e-01   3.23463604e+02
1.65350000e-01   3.51577042e+02
1.65400000e-01   3.96398726e+02
1.65450000e-01   4.62030621e+02
1.65500000e-01   5.49272982e+02
1.65550000e-01   6.50820403e+02
1.65600000e-01   7.52549435e+02
1.65650000e-01   8.35286735e+02
1.65700000e-01   8.82264787e+02
1.65750000e-01   8.83767307e+02
1.65800000e-01   8.40695775e+02
1.65850000e-01   7.62053701e+02
1.65900000e-01   6.66206037e+02
1.65950000e-01   5.72360231e+02
1.66000000e-01   4.94122353e+02
1.66050000e-01   4.37694910e+02
1.66100000e-01   4.03077582e+02
1.66150000e-01   3.85868140e+02
1.66200000e-01   3.78463139e+02
1.66250000e-01   3.75460057e+02
1.66300000e-01   3.74257778e+02
1.66350000e-01   3.73555704e+02
1.66400000e-01   3.72353406e+02
1.66450000e-01   3.72051490e+02
1.66500000e-01   3.72549923e+02
1.66550000e-01   3.72648630e+02
1.66600000e-01   3.72347220e+02
1.66650000e-01   3.71145346e+02
1.66700000e-01   3.69243268e+02
1.66750000e-01   3.71242728e+02
1.66800000e-01   3.82245557e+02
1.66850000e-01   4.03352193e+02
1.66900000e-01   4.32761671e+02
1.66950000e-01   4.65672316e+02
1.67000000e-01   4.93480812e+02
1.67050000e-01   5.08984726e+02
1.67100000e-01   5.08382651e+02
1.67150000e-01   4.93475498e+02
1.67200000e-01   4.70965809e+02
1.67250000e-01   4.48357155e+02
1.67300000e-01   4.30850409e+02
1.67350000e-01   4.20846279e+02
1.67400000e-01   4.17744535e+02
1.67450000e-01   4.18444189e+02
1.67500000e-01   4.18943729e+02
1.67550000e-01   4.17042482e+02
1.67600000e-01   4.13540704e+02
1.67650000e-01   4.10639103e+02
1.67700000e-01   4.09138033e+02
1.67750000e-01   4.09136503e+02
1.67800000e-01   4.10835521e+02
1.67850000e-01   4.14535203e+02
1.67900000e-01   4.19235105e+02
1.67950000e-01   4.24235157e+02
1.68000000e-01   4.28734982e+02
1.68050000e-01   4.31534219e+02
1.68100000e-01   4.32532914e+02
1.68150000e-01   4.31330887e+02
1.68200000e-01   4.28528445e+02
1.68250000e-01   4.26526236e+02
1.68300000e-01   4.28025068e+02
1.68350000e-01   4.35425605e+02
1.68400000e-01   4.49527940e+02
1.68450000e-01   4.69331818e+02
1.68500000e-01   4.91936361e+02
1.68550000e-01   5.13640268e+02
1.68600000e-01   5.30742831e+02
1.68650000e-01   5.41143421e+02
1.68700000e-01   5.44542083e+02
1.68750000e-01   5.43139536e+02
1.68800000e-01   5.39936569e+02
1.68850000e-01   5.38834112e+02
1.68900000e-01   5.41632522e+02
1.68950000e-01   5.48532046e+02
1.69000000e-01   5.58832308e+02
1.69050000e-01   5.70032643e+02
1.69100000e-01   5.79132406e+02
1.69150000e-01   5.86231589e+02
1.69200000e-01   5.92730700e+02
1.69250000e-01   5.98829616e+02
1.69300000e-01   6.05128537e+02
1.69350000e-01   6.12527611e+02
1.69400000e-01   6.21827011e+02
1.69450000e-01   6.32926667e+02
1.69500000e-01   6.44726418e+02
1.69550000e-01   6.56126124e+02
1.69600000e-01   6.66825552e+02
1.69650000e-01   6.75424459e+02
1.69700000e-01   6.81522911e+02
1.69750000e-01   6.83820674e+02
1.69800000e-01   6.83517886e+02
1.69850000e-01   6.84015319e+02
1.69900000e-01   6.88413351e+02
1.69950000e-01   6.97512076e+02
1.70000000e-01   7.12811778e+02
1.70050000e-01   7.32714742e+02
1.70100000e-01   7.52317718e+02
1.70150000e-01   7.65719648e+02
1.70200000e-01   7.70720300e+02
1.70250000e-01   7.66719542e+02
1.70300000e-01   7.54917588e+02
1.70350000e-01   7.38414909e+02
1.70400000e-01   7.21912163e+02
1.70450000e-01   7.07909816e+02
1.70500000e-01   6.98808334e+02
1.70550000e-01   6.96006546e+02
1.70600000e-01   6.99905766e+02
1.70650000e-01   7.09505761e+02
1.70700000e-01   7.23606465e+02
1.70750000e-01   7.40507508e+02
1.70800000e-01   7.58108580e+02
1.70850000e-01   7.72909198e+02
1.70900000e-01   7.80608659e+02
1.70950000e-01   7.80407182e+02
1.71000000e-01   7.73704717e+02
1.71050000e-01   7.62601727e+02
1.71100000e-01   7.48598407e+02
1.71150000e-01   7.34995118e+02
1.71200000e-01   7.23092164e+02
1.71250000e-01   7.12989470e+02
1.71300000e-01   7.04487051e+02
1.71350000e-01   6.98484967e+02
1.71400000e-01   6.96783291e+02
1.71450000e-01   7.01382522e+02
1.71500000e-01   7.13582563e+02
1.71550000e-01   7.32285834e+02
1.71600000e-01   7.54489560e+02
1.71650000e-01   7.76193163e+02
1.71700000e-01   7.94496553e+02
1.71750000e-01   8.05399116e+02
1.71800000e-01   8.09900925e+02
1.71850000e-01   8.11802344e+02
1.71900000e-01   8.12203512e+02
1.71950000e-01   8.11804682e+02
1.72000000e-01   8.10705758e+02
1.72050000e-01   8.06506449e+02
1.72100000e-01   7.97906516e+02
1.72150000e-01   7.85905968e+02
1.72200000e-01   7.73805516e+02
1.72250000e-01   7.66605684e+02
1.72300000e-01   7.67106937e+02
1.72350000e-01   7.75809277e+02
1.72400000e-01   7.91312551e+02
1.72450000e-01   8.09616377e+02
1.72500000e-01   8.26620090e+02
1.72550000e-01   8.38620767e+02
1.72600000e-01   8.43620391e+02
1.72650000e-01   8.42619034e+02
1.72700000e-01   8.35917021e+02
1.72750000e-01   8.22614097e+02
1.72800000e-01   8.04710578e+02
1.72850000e-01   7.84706877e+02
1.72900000e-01   7.64403028e+02
1.72950000e-01   7.46599689e+02
1.73000000e-01   7.34697142e+02
1.73050000e-01   7.30695654e+02
1.73100000e-01   7.33895112e+02
1.73150000e-01   7.42695255e+02
1.73200000e-01   7.54695782e+02
1.73250000e-01   7.67396427e+02
1.73300000e-01   7.78996889e+02
1.73350000e-01   7.89197097e+02
1.73400000e-01   7.97697018e+02
1.73450000e-01   8.04596876e+02
1.73500000e-01   8.10596587e+02
1.73550000e-01   8.15797485e+02
1.73600000e-01   8.20298412e+02
1.73650000e-01   8.25199222e+02
1.73700000e-01   8.30500200e+02
1.73750000e-01   8.36601252e+02
1.73800000e-01   8.43502466e+02
1.73850000e-01   8.52303823e+02
1.73900000e-01   8.63505507e+02
1.73950000e-01   8.77007515e+02
1.74000000e-01   8.93009834e+02
1.74050000e-01   9.11712483e+02
1.74100000e-01   9.31415313e+02
1.74150000e-01   9.50317967e+02
1.74200000e-01   9.68120564e+02
1.74250000e-01   9.83522848e+02
1.74300000e-01   9.95424779e+02
1.74350000e-01   1.00512637e+03
1.74400000e-01   1.01112751e+03
1.74450000e-01   1.01212795e+03
1.74500000e-01   1.00912799e+03
1.74550000e-01   1.00112554e+03
1.74600000e-01   9.88822406e+02
1.74650000e-01   9.74619098e+02
1.74700000e-01   9.61515935e+02
1.74750000e-01   9.53213530e+02
1.74800000e-01   9.52711976e+02
1.74850000e-01   9.61411541e+02
1.74900000e-01   9.79011991e+02
1.74950000e-01   1.00311322e+03
1.75000000e-01   1.03111473e+03
1.75050000e-01   1.05811606e+03
1.75100000e-01   1.08111692e+03
1.75150000e-01   1.10011725e+03
1.75200000e-01   1.11511713e+03
1.75250000e-01   1.13111710e+03
1.75300000e-01   1.14611683e+03
1.75350000e-01   1.16311677e+03
1.75400000e-01   1.18011643e+03
1.75450000e-01   1.19611628e+03
1.75500000e-01   1.20811551e+03
1.75550000e-01   1.21611970e+03
1.75600000e-01   1.22212381e+03
1.75650000e-01   1.22512755e+03
1.75700000e-01   1.22913130e+03
1.75750000e-01   1.23413533e+03
1.75800000e-01   1.24113960e+03
1.75850000e-01   1.24914392e+03
1.75900000e-01   1.25914857e+03
1.75950000e-01   1.27015348e+03
1.76000000e-01   1.28015833e+03
1.76050000e-01   1.28816291e+03
1.76100000e-01   1.29016675e+03
1.76150000e-01   1.28616976e+03
1.76200000e-01   1.27517186e+03
1.76250000e-01   1.25817320e+03
1.76300000e-01   1.23517348e+03
1.76350000e-01   1.21017339e+03
1.76400000e-01   1.18717338e+03
1.76450000e-01   1.17417474e+03
1.76500000e-01   1.17617828e+03
1.76550000e-01   1.19417840e+03
1.76600000e-01   1.23018106e+03
1.76650000e-01   1.27518478e+03
1.76700000e-01   1.31918813e+03
1.76750000e-01   1.35419018e+03
1.76800000e-01   1.37819051e+03
1.76850000e-01   1.39318953e+03
1.76900000e-01   1.40618798e+03
1.76950000e-01   1.42418722e+03
1.77000000e-01   1.45418790e+03
1.77050000e-01   1.49919027e+03
1.77100000e-01   1.55519396e+03
1.77150000e-01   1.61319751e+03
1.77200000e-01   1.66119972e+03
1.77250000e-01   1.68619900e+03
1.77300000e-01   1.68019447e+03
1.77350000e-01   1.64518683e+03
1.77400000e-01   1.58617642e+03
1.77450000e-01   1.51516515e+03
1.77500000e-01   1.45115494e+03
1.77550000e-01   1.40215019e+03
1.77600000e-01   1.37814816e+03
1.77650000e-01   1.38114892e+03
1.77700000e-01   1.40715223e+03
1.77750000e-01   1.45015745e+03
1.77800000e-01   1.50516401e+03
1.77850000e-01   1.56317083e+03
1.77900000e-01   1.61617706e+03
1.77950000e-01   1.66018245e+03
1.78000000e-01   1.68518579e+03
1.78050000e-01   1.69318734e+03
1.78100000e-01   1.68718739e+03
1.78150000e-01   1.67118609e+03
1.78200000e-01   1.65418480e+03
1.78250000e-01   1.64318417e+03
1.78300000e-01   1.64218456e+03
1.78350000e-01   1.65118625e+03
1.78400000e-01   1.66618837e+03
1.78450000e-01   1.68219086e+03
1.78500000e-01   1.69719314e+03
1.78550000e-01   1.70518629e+03
1.78600000e-01   1.70917895e+03
1.78650000e-01   1.71017124e+03
1.78700000e-01   1.71716403e+03
1.78750000e-01   1.72815735e+03
1.78800000e-01   1.74715095e+03
1.78850000e-01   1.77314526e+03
1.78900000e-01   1.80113909e+03
1.78950000e-01   1.82613283e+03
1.79000000e-01   1.84112540e+03
1.79050000e-01   1.84211726e+03
1.79100000e-01   1.82410772e+03
1.79150000e-01   1.78709728e+03
1.79200000e-01   1.73708659e+03
1.79250000e-01   1.68207631e+03
1.79300000e-01   1.63206660e+03
1.79350000e-01   1.59505786e+03
1.79400000e-01   1.57704990e+03
1.79450000e-01   1.57604267e+03
1.79500000e-01   1.58903579e+03
1.79550000e-01   1.60804493e+03
1.79600000e-01   1.63005421e+03
1.79650000e-01   1.65006364e+03
1.79700000e-01   1.66607324e+03
1.79750000e-01   1.68508314e+03
1.79800000e-01   1.70609340e+03
1.79850000e-01   1.73210414e+03
1.79900000e-01   1.76111519e+03
1.79950000e-01   1.79012669e+03
1.80000000e-01   1.82413889e+03
1.80050000e-01   1.85015089e+03
1.80100000e-01   1.87016257e+03
1.80150000e-01   1.88317372e+03
1.80200000e-01   1.89018439e+03
1.80250000e-01   1.89319492e+03
1.80300000e-01   1.89520534e+03
1.80350000e-01   1.90421661e+03
1.80400000e-01   1.91922844e+03
1.80450000e-01   1.93924132e+03
1.80500000e-01   1.96325488e+03
1.80550000e-01   2.00426331e+03
1.80600000e-01   2.07727618e+03
1.80650000e-01   2.19629544e+03
1.80700000e-01   2.34631935e+03
1.80750000e-01   2.47534078e+03
1.80800000e-01   2.52435165e+03
1.80850000e-01   2.48735042e+03
1.80900000e-01   2.39534117e+03
1.80950000e-01   2.28232868e+03
1.81000000e-01   2.17331660e+03
1.81050000e-01   2.07830604e+03
1.81100000e-01   2.00929906e+03
1.81150000e-01   1.96829596e+03
1.81200000e-01   1.94429544e+03
1.81250000e-01   1.92129490e+03
1.81300000e-01   1.89729427e+03
1.81350000e-01   1.88429519e+03
1.81400000e-01   1.92330431e+03
1.81450000e-01   2.06332976e+03
1.81500000e-01   2.33837761e+03
1.81550000e-01   2.72644224e+03
1.81600000e-01   3.14851293e+03
1.81650000e-01   3.49757228e+03
1.81700000e-01   3.69360715e+03
1.81750000e-01   3.68860893e+03
1.81800000e-01   3.49257927e+03
1.81850000e-01   3.17252850e+03
1.81900000e-01   2.82147199e+03
1.81950000e-01   2.51442232e+03
1.82000000e-01   2.29838794e+03
1.82050000e-01   2.19537206e+03
1.82100000e-01   2.20037468e+03
1.82150000e-01   2.26738748e+03
1.82200000e-01   2.35440416e+03
1.82250000e-01   2.43742014e+03
1.82300000e-01   2.50843421e+03
1.82350000e-01   2.55944512e+03
1.82400000e-01   2.58145067e+03
1.82450000e-01   2.56845023e+03
1.82500000e-01   2.51944369e+03
1.82550000e-01   2.44442784e+03
1.82600000e-01   2.36841203e+03
1.82650000e-01   2.31339979e+03
1.82700000e-01   2.28239219e+03
1.82750000e-01   2.27338821e+03
1.82800000e-01   2.28038698e+03
1.82850000e-01   2.29638729e+03
1.82900000e-01   2.31638808e+03
1.82950000e-01   2.33338844e+03
1.83000000e-01   2.35038874e+03
1.83050000e-01   2.37138993e+03
1.83100000e-01   2.39839186e+03
1.83150000e-01   2.42839393e+03
1.83200000e-01   2.45739613e+03
1.83250000e-01   2.48639824e+03
1.83300000e-01   2.51740054e+03
1.83350000e-01   2.55440371e+03
1.83400000e-01   2.58640588e+03
1.83450000e-01   2.60540611e+03
1.83500000e-01   2.60140301e+03
1.83550000e-01   2.58140488e+03
1.83600000e-01   2.56140670e+03
1.83650000e-01   2.55641049e+03
1.83700000e-01   2.56841747e+03
1.83750000e-01   2.58642531e+03
1.83800000e-01   2.60343300e+03
1.83850000e-01   2.60443838e+03
1.83900000e-01   2.57543824e+03
1.83950000e-01   2.50843154e+03
1.84000000e-01   2.41942086e+03
1.84050000e-01   2.32640923e+03
1.84100000e-01   2.24639953e+03
1.84150000e-01   2.19939505e+03
1.84200000e-01   2.19939934e+03
1.84250000e-01   2.23841078e+03
1.84300000e-01   2.28942462e+03
1.84350000e-01   2.31843456e+03
1.84400000e-01   2.32143940e+03
1.84450000e-01   2.30344025e+03
1.84500000e-01   2.27143850e+03
1.84550000e-01   2.22142357e+03
1.84600000e-01   2.15540610e+03
1.84650000e-01   2.08038676e+03
1.84700000e-01   2.01537007e+03
1.84750000e-01   1.98335950e+03
1.84800000e-01   1.99135631e+03
1.84850000e-01   2.03035837e+03
1.84900000e-01   2.08336267e+03
1.84950000e-01   2.13436661e+03
1.85000000e-01   2.16036606e+03
1.85050000e-01   2.14635850e+03
1.85100000e-01   2.10534680e+03
1.85150000e-01   2.07033586e+03
1.85200000e-01   2.07433151e+03
1.85250000e-01   2.13433639e+03
1.85300000e-01   2.24734873e+03
1.85350000e-01   2.40536760e+03
1.85400000e-01   2.58338853e+03
1.85450000e-01   2.74340624e+03
1.85500000e-01   2.85341563e+03
1.85550000e-01   2.90641763e+03
1.85600000e-01   2.90541188e+03
1.85650000e-01   2.86039964e+03
1.85700000e-01   2.79038447e+03
1.85750000e-01   2.71436873e+03
1.85800000e-01   2.65035495e+03
1.85850000e-01   2.60434366e+03
1.85900000e-01   2.57733466e+03
1.85950000e-01   2.57032883e+03
1.86000000e-01   2.58032499e+03
1.86050000e-01   2.60532320e+03
1.86100000e-01   2.64032229e+03
1.86150000e-01   2.68232183e+03
1.86200000e-01   2.72832196e+03
1.86250000e-01   2.77032154e+03
1.86300000e-01   2.79231879e+03
1.86350000e-01   2.78831290e+03
1.86400000e-01   2.76430436e+03
1.86450000e-01   2.73529581e+03
1.86500000e-01   2.71328833e+03
1.86550000e-01   2.72229029e+03
1.86600000e-01   2.78029776e+03
1.86650000e-01   2.89131068e+03
1.86700000e-01   3.02532650e+03
1.86750000e-01   3.14734117e+03
1.86800000e-01   3.23735226e+03
1.86850000e-01   3.30336091e+03
1.86900000e-01   3.35836814e+03
1.86950000e-01   3.40437465e+03
1.87000000e-01   3.43637973e+03
1.87050000e-01   3.45038272e+03
1.87100000e-01   3.44838409e+03
1.87150000e-01   3.43238350e+03
1.87200000e-01   3.40938238e+03
1.87250000e-01   3.38338097e+03
1.87300000e-01   3.36538050e+03
1.87350000e-01   3.36038129e+03
1.87400000e-01   3.36238296e+03
1.87450000e-01   3.35738404e+03
1.87500000e-01   3.34338364e+03
1.87550000e-01   3.32338125e+03
1.87600000e-01   3.30437908e+03
1.87650000e-01   3.28737698e+03
1.87700000e-01   3.27137489e+03
1.87750000e-01   3.25237295e+03
1.87800000e-01   3.23337077e+03
1.87850000e-01   3.21536853e+03
1.87900000e-01   3.19836640e+03
1.87950000e-01   3.18036444e+03
1.88000000e-01   3.15836173e+03
1.88050000e-01   3.13635920e+03
1.88100000e-01   3.13135859e+03
1.88150000e-01   3.16336210e+03
1.88200000e-01   3.23937081e+03
1.88250000e-01   3.34738283e+03
1.88300000e-01   3.45839564e+03
1.88350000e-01   3.54840621e+03
1.88400000e-01   3.61441333e+03
1.88450000e-01   3.65341783e+03
1.88500000e-01   3.67141984e+03
1.88550000e-01   3.67442315e+03
1.88600000e-01   3.66842530e+03
1.88650000e-01   3.66142717e+03
1.88700000e-01   3.65842967e+03
1.88750000e-01   3.65743275e+03
1.88800000e-01   3.66343637e+03
1.88850000e-01   3.68644207e+03
1.88900000e-01   3.73545038e+03
1.88950000e-01   3.81146301e+03
1.89000000e-01   3.90747771e+03
1.89050000e-01   4.00749297e+03
1.89100000e-01   4.09450685e+03
1.89150000e-01   4.15251728e+03
1.89200000e-01   4.17352316e+03
1.89250000e-01   4.16752569e+03
1.89300000e-01   4.15252719e+03
1.89350000e-01   4.13752893e+03
1.89400000e-01   4.12253010e+03
1.89450000e-01   4.10353080e+03
1.89500000e-01   4.07653067e+03
1.89550000e-01   4.04453029e+03
1.89600000e-01   4.00752921e+03
1.89650000e-01   3.95552584e+03
1.89700000e-01   3.87651908e+03
1.89750000e-01   3.77150843e+03
1.89800000e-01   3.66949827e+03
1.89850000e-01   3.60049236e+03
1.89900000e-01   3.58549364e+03
1.89950000e-01   3.60950031e+03
1.90000000e-01   3.64550896e+03
1.90050000e-01   3.67651670e+03
1.90100000e-01   3.71152509e+03
1.90150000e-01   3.76453591e+03
1.90200000e-01   3.84155081e+03
1.90250000e-01   3.93456780e+03
1.90300000e-01   4.03258601e+03
1.90350000e-01   4.12360302e+03
1.90400000e-01   4.18861634e+03
1.90450000e-01   4.21362367e+03
1.90500000e-01   4.19962580e+03
1.90550000e-01   4.17062350e+03
1.90600000e-01   4.15562291e+03
1.90650000e-01   4.16662566e+03
1.90700000e-01   4.20563340e+03
1.90750000e-01   4.26864472e+03
1.90800000e-01   4.33765681e+03
1.90850000e-01   4.38966662e+03
1.90900000e-01   4.40867084e+03
1.90950000e-01   4.39066987e+03
1.91000000e-01   4.33866380e+03
1.91050000e-01   4.27065513e+03
1.91100000e-01   4.21464860e+03
1.91150000e-01   4.19764733e+03
1.91200000e-01   4.22665315e+03
1.91250000e-01   4.27966313e+03
1.91300000e-01   4.33067306e+03
1.91350000e-01   4.37268148e+03
1.91400000e-01   4.43169227e+03
1.91450000e-01   4.52570877e+03
1.91500000e-01   4.63772808e+03
1.91550000e-01   4.71975465e+03
1.91600000e-01   4.73877167e+03
1.91650000e-01   4.69977869e+03
1.91700000e-01   4.63778196e+03
1.91750000e-01   4.57778538e+03
1.91800000e-01   4.54679334e+03
1.91850000e-01   4.55980876e+03
1.91900000e-01   4.62383345e+03
1.91950000e-01   4.72486536e+03
1.92000000e-01   4.83789995e+03
1.92050000e-01   4.93993372e+03
1.92100000e-01   5.00696100e+03
1.92150000e-01   5.01697665e+03
1.92200000e-01   4.97298310e+03
1.92250000e-01   4.90098328e+03
1.92300000e-01   4.83298321e+03
1.92350000e-01   4.77898635e+03
1.92400000e-01   4.73899172e+03
1.92450000e-01   4.70999937e+03
1.92500000e-01   4.68900880e+03
1.92550000e-01   4.67401085e+03
1.92600000e-01   4.66301451e+03
1.92650000e-01   4.66101874e+03
1.92700000e-01   4.67702809e+03
1.92750000e-01   4.70704019e+03
1.92800000e-01   4.70804599e+03
1.92850000e-01   4.64003641e+03
1.92900000e-01   4.48700735e+03
1.92950000e-01   4.26796356e+03
1.93000000e-01   4.01291064e+03
1.93050000e-01   3.75485628e+03
1.93100000e-01   3.53681088e+03
1.93150000e-01   3.39078140e+03
1.93200000e-01   3.32376982e+03
1.93250000e-01   3.31877262e+03
1.93300000e-01   3.35578519e+03
1.93350000e-01   3.39879935e+03
1.93400000e-01   3.40980575e+03
1.93450000e-01   3.36379889e+03
1.93500000e-01   3.28378370e+03
1.93550000e-01   3.20675517e+03
1.93600000e-01   3.17273663e+03
1.93650000e-01   3.21573583e+03
1.93700000e-01   3.37376118e+03
1.93750000e-01   3.64881148e+03
1.93800000e-01   3.98887392e+03
1.93850000e-01   4.32693442e+03
1.93900000e-01   4.62598332e+03
1.93950000e-01   4.88102165e+03
1.94000000e-01   5.10905277e+03
1.94050000e-01   5.31907865e+03
1.94100000e-01   5.53310428e+03
1.94150000e-01   5.76113101e+03
1.94200000e-01   5.97915413e+03
1.94250000e-01   6.14616615e+03
1.94300000e-01   6.23216242e+03
1.94350000e-01   6.23314218e+03
1.94400000e-01   6.16710947e+03
1.94450000e-01   6.06307122e+03
1.94500000e-01   5.95503283e+03
1.94550000e-01   5.88102338e+03
1.94600000e-01   5.86302301e+03
1.94650000e-01   5.91203418e+03
1.94700000e-01   6.02905776e+03
1.94750000e-01   6.18908955e+03
1.94800000e-01   6.33011734e+03
1.94850000e-01   6.39413229e+03
1.94900000e-01   6.36312960e+03
1.94950000e-01   6.25411316e+03
1.95000000e-01   6.08808708e+03
1.95050000e-01   5.90105676e+03
1.95100000e-01   5.72302808e+03
1.95150000e-01   5.58900644e+03
1.95200000e-01   5.52399735e+03
1.95250000e-01   5.54400449e+03
1.95300000e-01   5.64602552e+03
1.95350000e-01   5.78805469e+03
1.95400000e-01   5.90307824e+03
1.95450000e-01   5.95809109e+03
1.95500000e-01   5.97009666e+03
1.95550000e-01   5.97609574e+03
1.95600000e-01   5.99309701e+03
1.95650000e-01   6.01409786e+03
1.95700000e-01   6.01809673e+03
1.95750000e-01   6.01409372e+03
1.95800000e-01   6.02409320e+03
1.95850000e-01   6.06709920e+03
1.95900000e-01   6.12210637e+03
1.95950000e-01   6.14810904e+03
1.96000000e-01   6.11810182e+03
1.96050000e-01   6.04008525e+03
1.96100000e-01   5.94206552e+03
1.96150000e-01   5.85504759e+03
1.96200000e-01   5.81003749e+03
1.96250000e-01   5.82703875e+03
1.96300000e-01   5.91805251e+03
1.96350000e-01   6.07207814e+03
1.96400000e-01   6.27411098e+03
1.96450000e-01   6.49914898e+03
1.96500000e-01   6.72118521e+03
1.96550000e-01   6.91721755e+03
1.96600000e-01   7.07424277e+03
1.96650000e-01   7.19326064e+03
1.96700000e-01   7.27627291e+03
1.96750000e-01   7.32930190e+03
1.96800000e-01   7.35032497e+03
1.96850000e-01   7.34034321e+03
1.96900000e-01   7.29235330e+03
1.96950000e-01   7.20435661e+03
1.97000000e-01   7.07735147e+03
1.97050000e-01   6.94734538e+03
1.97100000e-01   6.84934481e+03
1.97150000e-01   6.80635401e+03
1.97200000e-01   6.79236919e+03
1.97250000e-01   6.77738460e+03
1.97300000e-01   6.74539627e+03
1.97350000e-01   6.70940721e+03
1.97400000e-01   6.68141808e+03
1.97450000e-01   6.65843145e+03
1.97500000e-01   6.63544418e+03
1.97550000e-01   6.60845617e+03
1.97600000e-01   6.57546626e+03
1.97650000e-01   6.54746253e+03
1.97700000e-01   6.53246208e+03
1.97750000e-01   6.52546342e+03
1.97800000e-01   6.51546375e+03
1.97850000e-01   6.49646221e+03
1.97900000e-01   6.49446428e+03
1.97950000e-01   6.54047742e+03
1.98000000e-01   6.64450388e+03
1.98050000e-01   6.77853701e+03
1.98100000e-01   6.90856959e+03
1.98150000e-01   7.00759455e+03
1.98200000e-01   7.06261003e+03
1.98250000e-01   7.05861246e+03
1.98300000e-01   7.00560333e+03
1.98350000e-01   6.93959130e+03
1.98400000e-01   6.89058227e+03
1.98450000e-01   6.85356553e+03
1.98500000e-01   6.79654391e+03
1.98550000e-01   6.68951149e+03
1.98600000e-01   6.54346958e+03
1.98650000e-01   6.40042943e+03
1.98700000e-01   6.29239720e+03
1.98750000e-01   6.23437659e+03
1.98800000e-01   6.22036581e+03
1.98850000e-01   6.24036246e+03
1.98900000e-01   6.28836464e+03
1.98950000e-01   6.35337091e+03
1.99000000e-01   6.43037922e+03
1.99050000e-01   6.54039491e+03
1.99100000e-01   6.69641998e+03
1.99150000e-01   6.89645321e+03
1.99200000e-01   7.11048927e+03
1.99250000e-01   7.30452064e+03
1.99300000e-01   7.45454276e+03
1.99350000e-01   7.54755259e+03
1.99400000e-01   7.56754669e+03
1.99450000e-01   7.52352821e+03
1.99500000e-01   7.43650150e+03
1.99550000e-01   7.33447601e+03
1.99600000e-01   7.24345248e+03
1.99650000e-01   7.17943443e+03
1.99700000e-01   7.15742510e+03
1.99750000e-01   7.18042439e+03
1.99800000e-01   7.23843136e+03
1.99850000e-01   7.31444152e+03
1.99900000e-01   7.38444930e+03
1.99950000e-01   7.42145148e+03
2.00000000e-01   7.42344703e+03
2.00050000e-01   7.43044307e+03
2.00100000e-01   7.48544890e+03
2.00150000e-01   7.59146384e+03
2.00225000e-01   7.72748199e+03
2.00275000e-01   7.78048651e+03
2.00325000e-01   7.82849057e+03
2.00375000e-01   7.84948889e+03
2.00425000e-01   7.81947803e+03
2.00475000e-01   7.79546836e+03
2.00525000e-01   7.85747786e+03
2.00575000e-01   7.99450624e+03
2.00625000e-01   8.08752728e+03
2.00675000e-01   8.09553070e+03
2.00725000e-01   8.02752104e+03
2.00775000e-01   7.97251265e+03
2.00825000e-01   7.99351903e+03
2.00875000e-01   8.05953406e+03
2.00925000e-01   8.14455292e+03
2.00975000e-01   8.23457323e+03
2.01025000e-01   8.28058452e+03
2.01075000e-01   8.24157960e+03
2.01125000e-01   8.16356716e+03
2.01175000e-01   8.16957188e+03
2.01225000e-01   8.32660425e+03
2.01275000e-01   8.53064609e+03
2.01325000e-01   8.66067449e+03
2.01375000e-01   8.69868377e+03
2.01425000e-01   8.64567722e+03
2.01475000e-01   8.56666415e+03
2.01525000e-01   8.54066106e+03
2.01575000e-01   8.53966412e+03
2.01625000e-01   8.55967021e+03
2.01675000e-01   8.65969284e+03
2.01725000e-01   8.82372718e+03
2.01775000e-01   8.96175684e+03
2.01825000e-01   9.04377556e+03
2.01875000e-01   9.03477677e+03
2.01925000e-01   8.95576449e+03
2.01975000e-01   8.90875717e+03
2.02025000e-01   8.89875806e+03
2.02075000e-01   8.86775453e+03
2.02125000e-01   8.77873995e+03
2.02175000e-01   8.64671655e+03
2.02225000e-01   8.57270422e+03
2.02275000e-01   8.64071958e+03
2.02325000e-01   8.81675705e+03
2.02375000e-01   8.95178754e+03
2.02425000e-01   8.94078845e+03
2.02475000e-01   8.80576399e+03
2.02525000e-01   8.56371072e+03
2.02575000e-01   8.25463877e+03
2.02625000e-01   8.06159061e+03
2.02675000e-01   8.12959381e+03
2.02725000e-01   8.44664448e+03
2.02775000e-01   8.88671899e+03
2.02825000e-01   9.18576520e+03
2.02875000e-01   9.29477490e+03
2.02925000e-01   9.33176955e+03
2.02975000e-01   9.36176335e+03
2.03025000e-01   9.46477103e+03
2.03075000e-01   9.64379240e+03
2.03125000e-01   9.83181427e+03
2.03175000e-01   9.96882739e+03
2.03225000e-01   9.97881665e+03
2.03275000e-01   9.83877784e+03
2.03325000e-01   9.61572592e+03
2.03375000e-01   9.41567761e+03
2.03425000e-01   9.31664847e+03
2.03475000e-01   9.35564431e+03
2.03525000e-01   9.53166632e+03
2.03575000e-01   9.77570599e+03
2.03625000e-01   9.99173990e+03
2.03675000e-01   1.00997549e+04
2.03725000e-01   1.00937508e+04
2.03775000e-01   1.00457379e+04
2.03825000e-01   9.95871963e+03
2.03875000e-01   9.89870627e+03
2.03925000e-01   9.81068667e+03
2.03975000e-01   9.80768246e+03
2.04025000e-01   9.92369858e+03
2.04075000e-01   1.01817397e+04
2.04125000e-01   1.04817860e+04
2.04175000e-01   1.07448282e+04
2.04225000e-01   1.09528594e+04
2.04275000e-01   1.10888769e+04
2.04325000e-01   1.10938743e+04
2.04375000e-01   1.09868520e+04
2.04425000e-01   1.08638288e+04
2.04475000e-01   1.08188173e+04
2.04525000e-01   1.09178411e+04
2.04575000e-01   1.11338996e+04
2.04625000e-01   1.13279551e+04
2.04675000e-01   1.13679841e+04
2.04725000e-01   1.12479862e+04
2.04775000e-01   1.10799762e+04
2.04825000e-01   1.10149859e+04
2.04875000e-01   1.10830209e+04
2.04925000e-01   1.11630569e+04
2.04975000e-01   1.11970849e+04
2.05025000e-01   1.12611184e+04
2.05075000e-01   1.13371548e+04
2.05125000e-01   1.13621816e+04
2.05175000e-01   1.13652044e+04
2.05225000e-01   1.14112367e+04
2.05275000e-01   1.14942742e+04
2.05325000e-01   1.15583093e+04
2.05375000e-01   1.15603329e+04
2.05425000e-01   1.14733373e+04
2.05475000e-01   1.13293300e+04
2.05525000e-01   1.11683103e+04
2.05575000e-01   1.10142826e+04
2.05625000e-01   1.10052859e+04
2.05675000e-01   1.11463203e+04
2.05725000e-01   1.12753509e+04
2.05775000e-01   1.12723552e+04
2.05825000e-01   1.11203282e+04
2.05875000e-01   1.10403161e+04
2.05925000e-01   1.11633472e+04
2.05975000e-01   1.13563920e+04
2.06025000e-01   1.15114285e+04
2.06075000e-01   1.15424402e+04
2.06125000e-01   1.13954150e+04
2.06175000e-01   1.11513680e+04
2.06225000e-01   1.10013405e+04
2.06275000e-01   1.10923643e+04
2.06325000e-01   1.13454237e+04
2.06375000e-01   1.15534721e+04
2.06425000e-01   1.16775042e+04
2.06475000e-01   1.18055370e+04
2.06525000e-01   1.18655558e+04
2.06575000e-01   1.18045508e+04
2.06625000e-01   1.17805524e+04
2.06675000e-01   1.19155894e+04
2.06725000e-01   1.21286441e+04
2.06775000e-01   1.22716828e+04
2.06825000e-01   1.22976966e+04
2.06875000e-01   1.22807012e+04
2.06925000e-01   1.22877101e+04
2.06975000e-01   1.23807392e+04
2.07025000e-01   1.25397810e+04
2.07075000e-01   1.26848220e+04
2.07125000e-01   1.28158597e+04
2.07175000e-01   1.28948865e+04
2.07225000e-01   1.29078974e+04
2.07275000e-01   1.29829222e+04
2.07325000e-01   1.31359663e+04
2.07375000e-01   1.33030113e+04
2.07425000e-01   1.34589682e+04
2.07475000e-01   1.35738270e+04
2.07525000e-01   1.36636760e+04
2.07575000e-01   1.37925314e+04
2.07625000e-01   1.39443877e+04
2.07675000e-01   1.40672336e+04
2.07725000e-01   1.41200682e+04
2.07775000e-01   1.40848891e+04
2.07825000e-01   1.40367923e+04
2.07875000e-01   1.40197855e+04
2.07925000e-01   1.40987903e+04
2.07975000e-01   1.42658053e+04
2.08025000e-01   1.43718119e+04
2.08075000e-01   1.43308021e+04
2.08125000e-01   1.42167825e+04
2.08175000e-01   1.41707697e+04
2.08225000e-01   1.41927673e+04
2.08275000e-01   1.42867731e+04
2.08325000e-01   1.45317977e+04
2.08375000e-01   1.47028135e+04
2.08425000e-01   1.46538019e+04
2.08475000e-01   1.47068026e+04
2.08525000e-01   1.51608149e+04
2.08575000e-01   1.58618179e+04
2.08625000e-01   1.64658042e+04
2.08675000e-01   1.68437577e+04
2.08725000e-01   1.70936963e+04
2.08775000e-01   1.75836561e+04
2.08825000e-01   1.81686177e+04
2.08875000e-01   1.84315469e+04
2.08925000e-01   1.82724392e+04
2.08975000e-01   1.79923255e+04
2.09025000e-01   1.80372357e+04
2.09075000e-01   1.83581651e+04
2.09125000e-01   1.88230983e+04
2.09175000e-01   1.93090289e+04
2.09225000e-01   2.01609699e+04
2.09275000e-01   2.14909220e+04
2.09325000e-01   2.24268482e+04
2.09375000e-01   2.22067272e+04
2.09425000e-01   2.13315888e+04
2.09475000e-01   2.12234778e+04
2.09525000e-01   2.21244620e+04
2.09575000e-01   2.32425284e+04
2.09625000e-01   2.39075884e+04
2.09675000e-01   2.40296359e+04
2.09725000e-01   2.44206931e+04
2.09775000e-01   2.52597639e+04
2.09825000e-01   2.59698330e+04
2.09875000e-01   2.59068798e+04
2.09925000e-01   2.51379011e+04
2.09975000e-01   2.43499203e+04
2.10025000e-01   2.41789551e+04
2.10075000e-01   2.52860479e+04
2.10125000e-01   2.77212001e+04
2.10175000e-01   2.99293515e+04
2.10225000e-01   3.07164453e+04
2.10275000e-01   2.93984368e+04
2.10325000e-01   2.69713684e+04
2.10375000e-01   2.61173739e+04
2.10425000e-01   2.71264800e+04
2.10475000e-01   2.94756636e+04
2.10525000e-01   3.22618922e+04
2.10575000e-01   3.39160833e+04
2.10625000e-01   3.38851728e+04
2.10675000e-01   3.31652177e+04
2.10725000e-01   3.25622680e+04
2.10775000e-01   3.19203073e+04
2.10825000e-01   3.05892965e+04
2.10875000e-01   2.87702367e+04
2.10925000e-01   2.74382098e+04
2.10975000e-01   2.70572534e+04
2.11025000e-01   2.77333831e+04
2.11075000e-01   2.91185812e+04
2.11125000e-01   3.15168794e+04
2.11175000e-01   3.46042589e+04
2.11225000e-01   3.64975359e+04
2.11275000e-01   3.63706200e+04
2.11325000e-01   3.50345819e+04
2.11375000e-01   3.36715359e+04
2.11425000e-01   3.28025344e+04
2.11475000e-01   3.21565536e+04
2.11525000e-01   3.22215957e+04
2.11575000e-01   3.40497909e+04
2.11625000e-01   3.70601118e+04
2.11675000e-01   3.97373968e+04
2.11725000e-01   4.11095297e+04
2.11775000e-01   4.09745002e+04
2.11825000e-01   3.93803091e+04
2.11875000e-01   3.79801453e+04
2.11925000e-01   3.86622062e+04
2.11975000e-01   4.07934244e+04
2.12025000e-01   4.28946318e+04
2.12075000e-01   4.27125983e+04
2.12125000e-01   4.01883082e+04
2.12175000e-01   3.73779967e+04
2.12225000e-01   3.49377216e+04
2.12275000e-01   3.27874804e+04
2.12325000e-01   3.03162075e+04
2.12375000e-01   2.76249131e+04
2.12425000e-01   2.57887106e+04
2.12475000e-01   2.53516569e+04
2.12525000e-01   2.66188323e+04
2.12575000e-01   2.89471929e+04
2.12625000e-01   3.14365879e+04
2.12675000e-01   3.35769627e+04
2.12725000e-01   3.47192286e+04
2.12775000e-01   3.50694019e+04
2.12825000e-01   3.51065430e+04
2.12875000e-01   3.49586552e+04
2.12925000e-01   3.43517080e+04
2.12975000e-01   3.28476267e+04
2.13025000e-01   3.10514929e+04
2.13075000e-01   3.01134705e+04
2.13125000e-01   3.04236344e+04
2.13175000e-01   3.13799001e+04
2.13225000e-01   3.18240915e+04
2.13275000e-01   3.18652183e+04
2.13325000e-01   3.23264169e+04
2.13375000e-01   3.29646501e+04
2.13425000e-01   3.28217536e+04
2.13475000e-01   3.18937117e+04
2.13525000e-01   3.13796746e+04
2.13575000e-01   3.20257800e+04
2.13625000e-01   3.38540994e+04
2.13675000e-01   3.62205173e+04
2.13725000e-01   3.82698749e+04
2.13775000e-01   3.86349244e+04
2.13825000e-01   3.61704754e+04
2.13875000e-01   3.34199714e+04
2.13925000e-01   3.29618799e+04
2.13975000e-01   3.39390425e+04
2.14025000e-01   3.62744476e+04
2.14075000e-01   4.03771633e+04
2.14125000e-01   4.46239065e+04
2.14175000e-01   4.66222411e+04
2.14225000e-01   4.62491645e+04
2.14275000e-01   4.56090364e+04
2.14325000e-01   4.57960524e+04
2.14375000e-01   4.61290984e+04
2.14425000e-01   4.58810447e+04
2.14475000e-01   4.47068233e+04
2.14525000e-01   4.28244333e+04
2.14575000e-01   4.08739946e+04
2.14625000e-01   3.96366867e+04
2.14675000e-01   3.92445228e+04
2.14725000e-01   3.94844683e+04
2.14775000e-01   4.01384722e+04
2.14825000e-01   4.10945277e+04
2.14875000e-01   4.22486068e+04
2.14925000e-01   4.33366732e+04
2.14975000e-01   4.37226239e+04
2.15025000e-01   4.24423251e+04
2.15075000e-01   3.98758408e+04
2.15125000e-01   3.76444240e+04
2.15175000e-01   3.75233165e+04
2.15225000e-01   3.87693967e+04
2.15275000e-01   4.02164966e+04
2.15325000e-01   4.20286400e+04
2.15375000e-01   4.34007201e+04
2.15425000e-01   4.31975894e+04
2.15475000e-01   4.17492983e+04
2.15525000e-01   4.01980617e+04
2.15575000e-01   3.87469001e+04
2.15625000e-01   3.71117095e+04
2.15675000e-01   3.52534954e+04
2.15725000e-01   3.32402564e+04
2.15775000e-01   3.14640431e+04
2.15825000e-01   3.04199269e+04
2.15875000e-01   3.01209056e+04
2.15925000e-01   3.06839946e+04
2.15975000e-01   3.25562547e+04
2.16025000e-01   3.55516639e+04
2.16075000e-01   3.81070202e+04
2.16125000e-01   3.92881974e+04
2.16175000e-01   3.90911907e+04
2.16225000e-01   3.82591037e+04
2.16275000e-01   3.79100732e+04
2.16325000e-01   3.79671045e+04
2.16375000e-01   3.77840982e+04
2.16425000e-01   3.70010102e+04
2.16475000e-01   3.61349154e+04
2.16525000e-01   3.52247645e+04
2.16575000e-01   3.35204636e+04
2.16625000e-01   3.09830666e+04
2.16675000e-01   2.86877076e+04
2.16725000e-01   2.79825612e+04
2.16775000e-01   2.90326337e+04
2.16825000e-01   3.07177865e+04
2.16875000e-01   3.19638737e+04
2.16925000e-01   3.17977930e+04
2.16975000e-01   3.12226609e+04
2.17025000e-01   3.17586582e+04
2.17075000e-01   3.33027702e+04
2.17125000e-01   3.48778810e+04
2.17175000e-01   3.56758982e+04
2.17225000e-01   3.63869011e+04
2.17275000e-01   3.70889009e+04
2.17325000e-01   3.69438103e+04
2.17375000e-01   3.56126057e+04
2.17425000e-01   3.40803806e+04
2.17475000e-01   3.30022104e+04
2.17525000e-01   3.26342032e+04
2.17575000e-01   3.37274426e+04
2.17625000e-01   3.55857773e+04
2.17675000e-01   3.67480447e+04
2.17725000e-01   3.66961854e+04
2.17775000e-01   3.56342044e+04
2.17825000e-01   3.53053033e+04
2.17875000e-01   3.72596912e+04
2.17925000e-01   4.09753207e+04
2.17975000e-01   4.50740335e+04
2.18025000e-01   4.81566340e+04
2.18075000e-01   4.96730377e+04
2.18125000e-01   5.04313475e+04
2.18175000e-01   5.15627167e+04
2.18225000e-01   5.29741360e+04
2.18275000e-01   5.35104259e+04
2.18325000e-01   5.23494541e+04
2.18375000e-01   4.99412613e+04
2.18425000e-01   4.71429846e+04
2.18475000e-01   4.61730081e+04
2.18525000e-01   4.75223122e+04
2.18575000e-01   4.88515032e+04
2.18625000e-01   4.83983848e+04
2.18675000e-01   4.51717936e+04
2.18725000e-01   4.15151270e+04
2.18775000e-01   4.06779485e+04
2.18825000e-01   4.23882078e+04
2.18875000e-01   4.44465197e+04
2.18925000e-01   4.49435683e+04
2.18975000e-01   4.48635192e+04
2.19025000e-01   4.56156070e+04
2.19075000e-01   4.66477389e+04
2.19125000e-01   4.65726899e+04
2.19175000e-01   4.58715362e+04
2.19225000e-01   4.60675335e+04
2.19275000e-01   4.85208909e+04
2.19325000e-01   5.28705565e+04
2.19375000e-01   5.56859656e+04
2.19425000e-01   5.52058431e+04
2.19475000e-01   5.25443773e+04
2.19525000e-01   4.90358095e+04
2.19575000e-01   4.60173560e+04
2.19625000e-01   4.49232106e+04
2.19675000e-01   4.59594071e+04
2.19725000e-01   4.85878622e+04
2.19775000e-01   5.19814367e+04
2.19825000e-01   5.48619420e+04
2.19875000e-01   5.63052130e+04
2.19925000e-01   5.60992122e+04
2.19975000e-01   5.41769283e+04
2.20025000e-01   5.06993882e+04
2.20075000e-01   4.69637989e+04
2.20125000e-01   4.52015325e+04
2.20175000e-01   4.65617884e+04
2.20225000e-01   5.04914805e+04
2.20275000e-01   5.45421889e+04
2.20325000e-01   5.73026874e+04
2.20375000e-01   5.89970105e+04
2.20425000e-01   5.88610292e+04
2.20475000e-01   5.70697584e+04
2.20525000e-01   5.56105424e+04
2.20575000e-01   5.49344680e+04
2.20625000e-01   5.29741690e+04
2.20675000e-01   4.98976727e+04
2.20725000e-01   4.73182633e+04
2.20775000e-01   4.51389118e+04
2.20825000e-01   4.29305559e+04
2.20875000e-01   4.14523277e+04
2.20925000e-01   4.14273522e+04
2.20975000e-01   4.10583193e+04
2.21025000e-01   3.88409512e+04
2.21075000e-01   3.56814107e+04
2.21125000e-01   3.33230157e+04
2.21175000e-01   3.28809589e+04
2.21225000e-01   3.42382279e+04
2.21275000e-01   3.73178175e+04
2.21325000e-01   4.12405654e+04
2.21375000e-01   4.37870620e+04
2.21425000e-01   4.41231608e+04
2.21475000e-01   4.37141167e+04
2.21525000e-01   4.36531729e+04
2.21575000e-01   4.30791722e+04
2.21625000e-01   4.09718749e+04
2.21675000e-01   3.79703941e+04
2.21725000e-01   3.57340465e+04
2.21775000e-01   3.53410542e+04
2.21825000e-01   3.66113981e+04
2.21875000e-01   3.93300457e+04
2.21925000e-01   4.32779620e+04
2.21975000e-01   4.70358587e+04
2.22025000e-01   4.92384405e+04
2.22075000e-01   5.03828087e+04
2.22125000e-01   5.13681461e+04
2.22175000e-01   5.25055227e+04
2.22225000e-01   5.27167046e+04
2.22275000e-01   5.15845763e+04
2.22325000e-01   5.03104153e+04
2.22375000e-01   5.02675305e+04
2.22425000e-01   5.13158999e+04
2.22475000e-01   5.17461310e+04
2.22525000e-01   5.18002429e+04
2.22575000e-01   5.21614129e+04
2.22625000e-01   5.23335363e+04
2.22675000e-01   5.18515070e+04
2.22725000e-01   5.10724031e+04
2.22775000e-01   5.09724554e+04
2.22825000e-01   5.23418746e+04
2.22875000e-01   5.49226005e+04
2.22925000e-01   5.68661747e+04
2.22975000e-01   5.73923933e+04
2.23025000e-01   5.69923842e+04
2.23075000e-01   5.57751682e+04
2.23125000e-01   5.49850562e+04
2.23175000e-01   5.62254624e+04
2.23225000e-01   5.94423864e+04
2.23275000e-01   6.45688141e+04
2.23325000e-01   7.02804137e+04
2.23375000e-01   7.36344089e+04
2.23425000e-01   7.38405850e+04
2.23475000e-01   7.28034256e+04
2.23525000e-01   7.27374744e+04
2.23575000e-01   7.36437254e+04
2.23625000e-01   7.36907489e+04
2.23675000e-01   7.23353997e+04
2.23725000e-01   7.01938399e+04
2.23775000e-01   6.76321522e+04
2.23825000e-01   6.51765041e+04
2.23875000e-01   6.36771131e+04
2.23925000e-01   6.41552547e+04
2.23975000e-01   6.64498830e+04
2.24025000e-01   6.77812468e+04
2.24075000e-01   6.64929116e+04
2.24125000e-01   6.40152550e+04
2.24175000e-01   6.15826117e+04
2.24225000e-01   6.00502054e+04
2.24275000e-01   5.93170125e+04
2.24325000e-01   5.85698212e+04
2.24375000e-01   5.77426093e+04
2.24425000e-01   5.68143639e+04
2.24475000e-01   5.67113465e+04
2.24525000e-01   5.80036832e+04
2.24575000e-01   6.06913856e+04
2.24625000e-01   6.31080089e+04
2.24675000e-01   6.42002761e+04
2.24725000e-01   6.51304963e+04
2.24775000e-01   6.60847244e+04
2.24825000e-01   6.66398427e+04
2.24875000e-01   6.44772348e+04
2.24925000e-01   6.07402081e+04
2.24975000e-01   5.83515464e+04
2.25025000e-01   5.73142406e+04
2.25075000e-01   5.69501222e+04
2.25125000e-01   5.61718899e+04
2.25175000e-01   5.58987919e+04
2.25225000e-01   5.69100354e+04
2.25275000e-01   5.79602847e+04
2.25325000e-01   5.71270382e+04
2.25375000e-01   5.47093793e+04
2.25425000e-01   5.29348901e+04
2.25475000e-01   5.31279163e+04
2.25525000e-01   5.40720774e+04
2.25575000e-01   5.35127902e+04
2.25625000e-01   5.18162160e+04
2.25675000e-01   5.08628340e+04
2.25725000e-01   5.15768771e+04
2.25775000e-01   5.24249446e+04
2.25825000e-01   5.23237816e+04
2.25875000e-01   5.21686052e+04
2.25925000e-01   5.22004745e+04
2.25975000e-01   5.04469229e+04
2.26025000e-01   4.72230321e+04
2.26075000e-01   4.50694052e+04
2.26125000e-01   4.48242292e+04
2.26175000e-01   4.61414111e+04
2.26225000e-01   4.73465539e+04
2.26275000e-01   4.71913917e+04
2.26325000e-01   4.57699553e+04
2.26375000e-01   4.35153508e+04
2.26425000e-01   4.15548193e+04
2.26475000e-01   3.98443467e+04
2.26525000e-01   3.81748911e+04
2.26575000e-01   3.71255662e+04
2.26625000e-01   3.67403826e+04
2.26675000e-01   3.65762422e+04
2.26725000e-01   3.60350296e+04
2.26775000e-01   3.54348081e+04
2.26825000e-01   3.50536329e+04
2.26875000e-01   3.46314533e+04
2.26925000e-01   3.41922722e+04
2.26975000e-01   3.38251062e+04
2.27025000e-01   3.36839811e+04
2.27075000e-01   3.39279256e+04
2.27125000e-01   3.42918879e+04
2.27175000e-01   3.47568683e+04
2.27225000e-01   3.54138781e+04
2.27275000e-01   3.63409215e+04
2.27325000e-01   3.71679478e+04
2.27375000e-01   3.75449017e+04
2.27425000e-01   3.76268018e+04
2.27475000e-01   3.83197980e+04
2.27525000e-01   3.95110232e+04
2.27575000e-01   3.99662962e+04
2.27625000e-01   4.01085270e+04
2.27675000e-01   4.12519233e+04
2.27725000e-01   4.32434811e+04
2.27775000e-01   4.49049957e+04
2.27825000e-01   4.60004257e+04
2.27875000e-01   4.71098732e+04
2.27925000e-01   4.80332900e+04
2.27975000e-01   4.83355993e+04
2.28025000e-01   4.88439480e+04
2.28075000e-01   5.04845414e+04
2.28125000e-01   5.34204305e+04
2.28175000e-01   5.64223631e+04
2.28225000e-01   5.81040296e+04
2.28275000e-01   5.83873909e+04
2.28325000e-01   5.68713368e+04
2.28375000e-01   5.47971284e+04
2.28425000e-01   5.46023631e+04
2.28475000e-01   5.60980160e+04
2.28525000e-01   5.77765169e+04
2.28575000e-01   5.85845792e+04
2.28625000e-01   5.70720703e+04
2.28675000e-01   5.35590827e+04
2.28725000e-01   5.01561348e+04
2.28775000e-01   4.86476544e+04
2.28825000e-01   5.01038849e+04
2.28875000e-01   5.23813014e+04
2.28925000e-01   5.29313072e+04
2.28975000e-01   5.16118811e+04
2.29025000e-01   4.95282836e+04
2.29075000e-01   4.84039184e+04
2.29125000e-01   4.85098287e+04
2.29175000e-01   4.89408090e+04
2.29225000e-01   4.95238230e+04
2.29275000e-01   5.02408589e+04
2.29325000e-01   5.09038864e+04
2.29375000e-01   5.12868489e+04
2.29425000e-01   5.12327155e+04
2.29475000e-01   5.12265949e+04
2.29525000e-01   5.24138096e+04
2.29575000e-01   5.42762555e+04
2.29625000e-01   5.48054308e+04
2.29675000e-01   5.15628160e+04
2.29725000e-01   4.68228801e+04
2.29775000e-01   4.38943104e+04
2.29825000e-01   4.25810807e+04
2.29875000e-01   4.25511274e+04
2.29925000e-01   4.35603950e+04
2.29975000e-01   4.47397048e+04
2.30025000e-01   4.54559111e+04
2.30075000e-01   4.61771222e+04
2.30125000e-01   4.75084729e+04
2.30175000e-01   4.94409572e+04
2.30225000e-01   5.11834058e+04
2.30275000e-01   5.16715726e+04
2.30325000e-01   5.04423582e+04
2.30375000e-01   4.97772643e+04
2.30425000e-01   5.10746206e+04
2.30475000e-01   5.31731620e+04
2.30525000e-01   5.65910219e+04
2.30575000e-01   6.16732965e+04
2.30625000e-01   6.56333206e+04
2.30675000e-01   6.67086882e+04
2.30725000e-01   6.58926013e+04
2.30775000e-01   6.37662016e+04
2.30825000e-01   6.12747101e+04
2.30875000e-01   5.92853336e+04
2.30925000e-01   5.65527697e+04
2.30975000e-01   5.32040443e+04
2.31025000e-01   5.08835543e+04
2.31075000e-01   4.92322328e+04
2.31125000e-01   4.73328388e+04
2.31175000e-01   4.56194891e+04
2.31225000e-01   4.45242874e+04
2.31275000e-01   4.41132553e+04
2.31325000e-01   4.41573394e+04
2.31375000e-01   4.45455124e+04
2.31425000e-01   4.63350542e+04
2.31475000e-01   5.04362047e+04
2.31525000e-01   5.48924120e+04
2.31575000e-01   5.73900670e+04
2.31625000e-01   5.74780920e+04
2.31675000e-01   5.61217305e+04
2.31725000e-01   5.52244961e+04
2.31775000e-01   5.52174884e+04
2.31825000e-01   5.58006418e+04
2.31875000e-01   5.65138282e+04
2.31925000e-01   5.60056925e+04
2.31975000e-01   5.36260672e+04
2.32025000e-01   5.04702353e+04
2.32075000e-01   4.81206202e+04
2.32125000e-01   4.78835531e+04
2.32175000e-01   4.88408020e+04
2.32225000e-01   5.07743123e+04
2.32275000e-01   5.48943857e+04
2.32325000e-01   6.12320455e+04
2.32375000e-01   6.64494097e+04
2.32425000e-01   6.78617833e+04
2.32475000e-01   6.59232686e+04
2.32525000e-01   6.07651448e+04
2.32575000e-01   5.43738633e+04
2.32625000e-01   4.99090213e+04
2.32675000e-01   4.79678412e+04
2.32725000e-01   4.74560588e+04
2.32775000e-01   4.79035504e+04
2.32825000e-01   4.95564320e+04
2.32875000e-01   5.22686718e+04
2.32925000e-01   5.45918334e+04
2.32975000e-01   5.53575026e+04
2.33025000e-01   5.44536143e+04
2.33075000e-01   5.25483596e+04
2.33125000e-01   5.01308984e+04
2.33175000e-01   4.73382606e+04
2.33225000e-01   4.50327640e+04
2.33275000e-01   4.36155649e+04
2.33325000e-01   4.29076240e+04
2.33375000e-01   4.31900631e+04
2.33425000e-01   4.50831537e+04
2.33475000e-01   4.73534315e+04
2.33525000e-01   4.88883010e+04
2.33575000e-01   5.04330594e+04
2.33625000e-01   5.16276797e+04
2.33675000e-01   5.06834045e+04
2.33725000e-01   4.71760330e+04
2.33775000e-01   4.31034022e+04
2.33825000e-01   3.97990865e+04
2.33875000e-01   3.76982733e+04
2.33925000e-01   3.72681746e+04
2.33975000e-01   3.79675680e+04
2.34025000e-01   3.94773156e+04
2.34075000e-01   4.12531926e+04
2.34125000e-01   4.28399934e+04
2.34175000e-01   4.41386727e+04
2.34225000e-01   4.46760160e+04
2.34275000e-01   4.37336955e+04
2.34325000e-01   4.09185266e+04
2.34375000e-01   3.74720538e+04
2.34425000e-01   3.47809089e+04
2.34475000e-01   3.35854402e+04
2.34525000e-01   3.42196826e+04
2.34575000e-01   3.53560219e+04
2.34625000e-01   3.61571961e+04
2.34675000e-01   3.70374002e+04
2.34725000e-01   3.81717035e+04
2.34775000e-01   3.87297493e+04
2.34825000e-01   3.81903167e+04
2.34875000e-01   3.79550196e+04
2.34925000e-01   3.95324802e+04
2.34975000e-01   4.32197944e+04
2.35025000e-01   4.72221972e+04
2.35075000e-01   4.96589314e+04
2.35125000e-01   5.10142109e+04
2.35175000e-01   5.24104928e+04
2.35225000e-01   5.45320424e+04
2.35275000e-01   5.68406366e+04
2.35325000e-01   5.81868489e+04
2.35375000e-01   5.77713925e+04
2.35425000e-01   5.61234930e+04
2.35475000e-01   5.41705028e+04
2.35525000e-01   5.26789685e+04
2.35575000e-01   5.29853664e+04
2.35625000e-01   5.55836187e+04
2.35675000e-01   5.85720456e+04
2.35725000e-01   5.99618947e+04
2.35775000e-01   5.99081957e+04
2.35825000e-01   5.88821219e+04
2.35875000e-01   5.61593614e+04
2.35925000e-01   5.21880629e+04
2.35975000e-01   4.82047189e+04
2.36025000e-01   4.50616742e+04
2.36075000e-01   4.41815484e+04
2.36125000e-01   4.54053129e+04
2.36175000e-01   4.69732327e+04
2.36225000e-01   4.84481304e+04
2.36275000e-01   5.08034309e+04
2.36325000e-01   5.34879135e+04
2.36375000e-01   5.43746033e+04
2.36425000e-01   5.28211905e+04
2.36475000e-01   5.00051706e+04
2.36525000e-01   4.76611488e+04
2.36575000e-01   4.69396840e+04
2.36625000e-01   4.71786712e+04
2.36675000e-01   4.72275666e+04
2.36725000e-01   4.67822366e+04
2.36775000e-01   4.68171235e+04
2.36825000e-01   4.76783853e+04
2.36875000e-01   4.86506888e+04
2.36925000e-01   5.00751892e+04
2.36975000e-01   5.22490099e+04
2.37025000e-01   5.40786663e+04
2.37075000e-01   5.52150178e+04
2.37125000e-01   5.66564885e+04
2.37175000e-01   5.85731605e+04
2.37225000e-01   5.93853512e+04
2.37275000e-01   5.78425312e+04
2.37325000e-01   5.39917550e+04
2.37375000e-01   4.90525390e+04
2.37425000e-01   4.61562025e+04
2.37475000e-01   4.61650815e+04
2.37525000e-01   4.70415137e+04
2.37575000e-01   4.82623044e+04
2.37625000e-01   5.08596928e+04
2.37675000e-01   5.41183997e+04
2.37725000e-01   5.61876205e+04
2.37775000e-01   5.63490204e+04
2.37825000e-01   5.41113449e+04
2.37875000e-01   5.05260213e+04
2.37925000e-01   4.72358013e+04
2.37975000e-01   4.45648278e+04
2.38025000e-01   4.28642840e+04
2.38075000e-01   4.15489024e+04
2.38125000e-01   3.96922446e+04
2.38175000e-01   3.75074026e+04
2.38225000e-01   3.57407470e+04
2.38275000e-01   3.46263952e+04
2.38325000e-01   3.44705151e+04
2.38375000e-01   3.53181525e+04
2.38425000e-01   3.70782738e+04
2.38475000e-01   3.96388388e+04
2.38525000e-01   4.25684670e+04
2.38575000e-01   4.52998358e+04
2.38625000e-01   4.74478868e+04
2.38675000e-01   4.88145268e+04
2.38725000e-01   4.87854276e+04
2.38775000e-01   4.71134800e+04
2.38825000e-01   4.45000515e+04
2.38875000e-01   4.20547148e+04
2.38925000e-01   4.10781436e+04
2.38975000e-01   4.25228165e+04
2.39025000e-01   4.58094264e+04
2.39075000e-01   4.95612664e+04
2.39125000e-01   5.23696107e+04
2.39175000e-01   5.30328647e+04
2.39225000e-01   5.24724928e+04
2.39275000e-01   5.22633008e+04
2.39325000e-01   5.20481054e+04
2.39375000e-01   5.10415187e+04
2.39425000e-01   4.87412907e+04
2.39475000e-01   4.52484781e+04
2.39525000e-01   4.14405761e+04
2.39575000e-01   3.85652044e+04
2.39625000e-01   3.74396987e+04
2.39675000e-01   3.77328966e+04
2.39725000e-01   3.92667200e+04
2.39775000e-01   4.15659254e+04
2.39825000e-01   4.33268741e+04
2.39875000e-01   4.34459966e+04
2.39925000e-01   4.20333408e+04
2.39975000e-01   4.05316351e+04
2.40025000e-01   4.09529016e+04
2.40075000e-01   4.32801497e+04
2.40125000e-01   4.55093567e+04
2.40175000e-01   4.65199378e+04
2.40225000e-01   4.63549201e+04
2.40275000e-01   4.55725756e+04
2.40325000e-01   4.48172458e+04
2.40375000e-01   4.40449094e+04
2.40425000e-01   4.24231255e+04
2.40475000e-01   3.96237207e+04
2.40525000e-01   3.68932074e+04
2.40575000e-01   3.57614083e+04
2.40625000e-01   3.60883642e+04
2.40675000e-01   3.68465342e+04
2.40725000e-01   3.72905385e+04
2.40775000e-01   3.80647004e+04
2.40825000e-01   4.00374340e+04
2.40875000e-01   4.25864228e+04
2.40925000e-01   4.44420507e+04
2.40975000e-01   4.48839961e+04
2.41025000e-01   4.39402916e+04
2.41075000e-01   4.18040633e+04
2.41125000e-01   3.94397537e+04
2.41175000e-01   3.84690909e+04
2.41225000e-01   3.95953573e+04
2.41275000e-01   4.19871586e+04
2.41325000e-01   4.38817190e+04
2.41375000e-01   4.45687497e+04
2.41425000e-01   4.54308466e+04
2.41475000e-01   4.75804607e+04
2.41525000e-01   5.06715135e+04
2.41575000e-01   5.35315357e+04
2.41625000e-01   5.59533752e+04
2.41675000e-01   5.81321060e+04
2.41725000e-01   5.98156285e+04
2.41775000e-01   6.10599667e+04
2.41825000e-01   6.23473230e+04
2.41875000e-01   6.41678693e+04
2.41925000e-01   6.60114257e+04
2.41975000e-01   6.73407763e+04
2.42025000e-01   6.87301366e+04
2.42075000e-01   7.06316885e+04
2.42125000e-01   7.23031419e+04
2.42175000e-01   7.36444616e+04
2.42225000e-01   7.49487620e+04
2.42275000e-01   7.54987807e+04
2.42325000e-01   7.38489919e+04
2.42375000e-01   7.12458691e+04
2.42425000e-01   6.93800252e+04
2.42475000e-01   6.85995702e+04
2.42525000e-01   6.90016121e+04
2.42575000e-01   7.02360295e+04
2.42625000e-01   7.22457236e+04
2.42675000e-01   7.51337271e+04
2.42725000e-01   7.77086136e+04
2.42775000e-01   7.82777841e+04
2.42825000e-01   7.70203078e+04
2.42875000e-01   7.42312985e+04
2.42925000e-01   7.15643283e+04
2.42975000e-01   7.09870960e+04
2.43025000e-01   7.19834215e+04
2.43075000e-01   7.33678877e+04
2.43125000e-01   7.41131202e+04
2.43175000e-01   7.32457920e+04
2.43225000e-01   7.14541364e+04
2.43275000e-01   6.94774109e+04
2.43325000e-01   6.79368447e+04
2.43375000e-01   6.77247416e+04
2.43425000e-01   6.82038896e+04
2.43475000e-01   6.78047248e+04
2.43525000e-01   6.58200333e+04
2.43575000e-01   6.38063706e+04
2.43625000e-01   6.35373142e+04
2.43675000e-01   6.43416366e+04
2.43725000e-01   6.56331318e+04
2.43775000e-01   6.75118286e+04
2.43825000e-01   6.92674878e+04
2.43875000e-01   6.94636062e+04
2.43925000e-01   6.78500698e+04
2.43975000e-01   6.57553684e+04
2.44025000e-01   6.43819146e+04
2.44075000e-01   6.48011018e+04
2.44125000e-01   6.67078202e+04
2.44175000e-01   6.89916825e+04
2.44225000e-01   7.08483855e+04
2.44275000e-01   7.15916945e+04
2.44325000e-01   7.09004880e+04
2.44375000e-01   6.90728699e+04
2.44425000e-01   6.65460068e+04
2.44475000e-01   6.48034133e+04
2.44525000e-01   6.42452291e+04
2.44575000e-01   6.38821037e+04
2.44625000e-01   6.33139014e+04
2.44675000e-01   6.20144360e+04
2.44725000e-01   6.03738474e+04
2.44775000e-01   5.88622994e+04
2.44825000e-01   5.72317123e+04
2.44875000e-01   5.59052364e+04
2.44925000e-01   5.58032064e+04
2.44975000e-01   5.60923127e+04
2.45025000e-01   5.56931706e+04
2.45075000e-01   5.45807723e+04
2.45125000e-01   5.33233204e+04
2.45175000e-01   5.24540096e+04
2.45225000e-01   5.16457178e+04
2.45275000e-01   5.09114583e+04
2.45325000e-01   5.06063505e+04
2.45375000e-01   5.05263231e+04
2.45425000e-01   5.03932799e+04
2.45475000e-01   5.05083265e+04
2.45525000e-01   5.12235620e+04
2.45575000e-01   5.17677151e+04
2.45625000e-01   5.13655240e+04
2.45675000e-01   5.07672673e+04
2.45725000e-01   5.06211732e+04
2.45775000e-01   5.13283791e+04
2.45825000e-01   5.24457332e+04
2.45875000e-01   5.28578396e+04
2.45925000e-01   5.22775879e+04
2.45975000e-01   5.12161682e+04
2.46025000e-01   5.06589227e+04
2.46075000e-01   5.02327318e+04
2.46125000e-01   4.93003598e+04
2.46175000e-01   4.82919658e+04
2.46225000e-01   4.73335894e+04
2.46275000e-01   4.65552733e+04
2.46325000e-01   4.61470915e+04
2.46375000e-01   4.67382592e+04
2.46425000e-01   4.84258036e+04
2.46475000e-01   5.01093453e+04
2.46525000e-01   5.13017073e+04
2.46575000e-01   5.18038281e+04
2.46625000e-01   5.19068093e+04
2.46675000e-01   5.21188313e+04
2.46725000e-01   5.26379500e+04
2.46775000e-01   5.35962170e+04
2.46825000e-01   5.46855332e+04
2.46875000e-01   5.55067514e+04
2.46925000e-01   5.58158019e+04
2.46975000e-01   5.59677943e+04
2.47025000e-01   5.62748368e+04
2.47075000e-01   5.65648749e+04
2.47125000e-01   5.69029281e+04
2.47175000e-01   5.74850615e+04
2.47225000e-01   5.78471193e+04
2.47275000e-01   5.68697381e+04
2.47325000e-01   5.44668882e+04
2.47375000e-01   5.35245239e+04
2.47425000e-01   5.55071131e+04
2.47475000e-01   5.84980315e+04
2.47525000e-01   6.02854256e+04
2.47575000e-01   6.04581758e+04
2.47625000e-01   6.01397735e+04
2.47675000e-01   5.95963027e+04
2.47725000e-01   5.86957355e+04
2.47775000e-01   5.78261767e+04
2.47825000e-01   5.67995867e+04
2.47875000e-01   5.51698333e+04
2.47925000e-01   5.32360108e+04
2.47975000e-01   5.14302440e+04
2.48025000e-01   5.10528787e+04
2.48075000e-01   5.22659448e+04
2.48125000e-01   5.34730006e+04
2.48175000e-01   5.37828106e+04
2.48225000e-01   5.24732102e+04
2.48275000e-01   4.91421220e+04
2.48325000e-01   4.53349564e+04
2.48375000e-01   4.23980312e+04
2.48425000e-01   4.12955629e+04
2.48475000e-01   4.22635754e+04
2.48525000e-01   4.42119491e+04
2.48575000e-01   4.65555758e+04
2.48625000e-01   4.85311319e+04
2.48675000e-01   4.89113258e+04
2.48725000e-01   4.79902150e+04
2.48775000e-01   4.65639803e+04
2.48825000e-01   4.46036118e+04
2.48875000e-01   4.27142547e+04
2.48925000e-01   4.19511654e+04
2.48975000e-01   4.19012405e+04
2.49025000e-01   4.16832762e+04
2.49075000e-01   4.12732646e+04
2.49125000e-01   4.12623494e+04
2.49175000e-01   4.23917263e+04
2.49225000e-01   4.45633690e+04
2.49275000e-01   4.78453091e+04
2.49325000e-01   5.14543505e+04
2.49375000e-01   5.43022029e+04
2.49425000e-01   5.70400461e+04
2.49475000e-01   5.99399387e+04
2.49525000e-01   6.28547604e+04
2.49575000e-01   6.50272953e+04
2.49625000e-01   6.56854248e+04
2.49675000e-01   6.49631916e+04
2.49725000e-01   6.47580897e+04
2.49775000e-01   6.56352740e+04
2.49825000e-01   6.64174380e+04
2.49875000e-01   6.66194443e+04
2.49925000e-01   6.68624688e+04
2.49975000e-01   6.80387308e+04
2.50025000e-01   6.91069530e+04
2.50075000e-01   6.88688480e+04
2.50125000e-01   6.64331724e+04
2.50175000e-01   6.22690538e+04
2.50225000e-01   5.96343334e+04
2.50275000e-01   6.00584004e+04
2.50325000e-01   6.19068341e+04
2.50375000e-01   6.38212798e+04
2.50425000e-01   6.51555778e+04
2.50475000e-01   6.59137277e+04
2.50525000e-01   6.53888085e+04
2.50575000e-01   6.29436428e+04
2.50625000e-01   5.93181203e+04
2.50675000e-01   5.56535359e+04
2.50725000e-01   5.29071560e+04
2.50775000e-01   5.17932161e+04
2.50825000e-01   5.32680429e+04
2.50875000e-01   5.65774581e+04
2.50925000e-01   5.92237107e+04
2.50975000e-01   6.04195322e+04
2.51025000e-01   6.07100661e+04
2.51075000e-01   5.93220460e+04
2.51125000e-01   5.65965426e+04
2.51175000e-01   5.44021846e+04
2.51225000e-01   5.34122304e+04
2.51275000e-01   5.29064336e+04
2.51325000e-01   5.21043832e+04
2.51375000e-01   5.07229688e+04
2.51425000e-01   4.85382526e+04
2.51475000e-01   4.60213989e+04
2.51525000e-01   4.42988352e+04
2.51575000e-01   4.35196223e+04
2.51625000e-01   4.27834278e+04
2.51675000e-01   4.16980950e+04
2.51725000e-01   4.11759758e+04
2.51775000e-01   4.15241925e+04
2.51825000e-01   4.17983419e+04
2.51875000e-01   4.17863289e+04
2.51925000e-01   4.16762808e+04
2.51975000e-01   4.18493442e+04
2.52025000e-01   4.26366409e+04
2.52075000e-01   4.42192544e+04
2.52125000e-01   4.55017516e+04
2.52175000e-01   4.52636512e+04
2.52225000e-01   4.40991918e+04
2.52275000e-01   4.27006370e+04
2.52325000e-01   4.10469885e+04
2.52375000e-01   3.98085000e+04
2.52425000e-01   3.94913755e+04
2.52475000e-01   3.98174944e+04
2.52525000e-01   4.07238712e+04
2.52575000e-01   4.24495987e+04
2.52625000e-01   4.41843341e+04
2.52675000e-01   4.49967129e+04
2.52725000e-01   4.49777639e+04
2.52775000e-01   4.39003941e+04
2.52825000e-01   4.22377924e+04
2.52875000e-01   4.10733823e+04
2.52925000e-01   4.08023287e+04
2.52975000e-01   4.16217093e+04
2.53025000e-01   4.37296134e+04
2.53075000e-01   4.66868632e+04
2.53125000e-01   4.96501280e+04
2.53175000e-01   5.21362061e+04
2.53225000e-01   5.36038724e+04
2.53275000e-01   5.38940600e+04
2.53325000e-01   5.37170539e+04
2.53375000e-01   5.36350905e+04
2.53425000e-01   5.37051900e+04
2.53475000e-01   5.38863360e+04
2.53525000e-01   5.39653555e+04
2.53575000e-01   5.37971878e+04
2.53625000e-01   5.32318545e+04
2.53675000e-01   5.29036236e+04
2.53725000e-01   5.33096931e+04
2.53775000e-01   5.42549778e+04
2.53825000e-01   5.53243062e+04
2.53875000e-01   5.58374144e+04
2.53925000e-01   5.56572388e+04
2.53975000e-01   5.60783058e+04
2.54025000e-01   5.74637531e+04
2.54075000e-01   5.83820087e+04
2.54125000e-01   5.77826642e+04
2.54175000e-01   5.67811675e+04
2.54225000e-01   5.70451689e+04
2.54275000e-01   5.81594934e+04
2.54325000e-01   5.98500359e+04
2.54375000e-01   6.16616251e+04
2.54425000e-01   6.25568529e+04
2.54475000e-01   6.24546985e+04
2.54525000e-01   6.20975129e+04
2.54575000e-01   6.16453614e+04
2.54625000e-01   6.08610793e+04
2.54675000e-01   6.01698300e+04
2.54725000e-01   6.01238339e+04
2.54775000e-01   6.10601981e+04
2.54825000e-01   6.19815691e+04
2.54875000e-01   6.19765813e+04
2.54925000e-01   6.15854525e+04
2.54975000e-01   6.11653062e+04
2.55025000e-01   6.18575870e+04
2.55075000e-01   6.45826408e+04
2.55125000e-01   6.88032747e+04
2.55175000e-01   7.35561077e+04
2.55225000e-01   7.83569732e+04
2.55275000e-01   8.13911468e+04
2.55325000e-01   8.16332569e+04
2.55375000e-01   8.11560994e+04
2.55425000e-01   8.24756271e+04
2.55475000e-01   8.52577166e+04
2.55525000e-01   8.64603084e+04
2.55575000e-01   8.54691649e+04
2.55625000e-01   8.41478845e+04
2.55675000e-01   8.40981057e+04
2.55725000e-01   8.45895374e+04
2.55775000e-01   8.48088587e+04
2.55825000e-01   8.55683978e+04
2.55875000e-01   8.81917054e+04
2.55925000e-01   9.19905015e+04
2.55975000e-01   9.49839798e+04
2.56025000e-01   9.61847382e+04
2.56075000e-01   9.53806878e+04
2.56125000e-01   9.42424696e+04
2.56175000e-01   9.33783621e+04
2.56225000e-01   9.16719139e+04
2.56275000e-01   8.87549162e+04
2.56325000e-01   8.63101157e+04
2.56375000e-01   8.62703323e+04
2.56425000e-01   8.88096814e+04
2.56475000e-01   9.28186908e+04
2.56525000e-01   9.82153223e+04
2.56575000e-01   1.05218701e+05
2.56625000e-01   1.11359722e+05
2.56675000e-01   1.15132721e+05
2.56725000e-01   1.17119946e+05
2.56775000e-01   1.17482418e+05
2.56825000e-01   1.17828906e+05
2.56875000e-01   1.19135828e+05
2.56925000e-01   1.21101045e+05
2.56975000e-01   1.24034758e+05
2.57025000e-01   1.27667786e+05
2.57075000e-01   1.30128306e+05
2.57125000e-01   1.30515834e+05
2.57175000e-01   1.29919902e+05
2.57225000e-01   1.30647621e+05
2.57275000e-01   1.32383813e+05
2.57325000e-01   1.34013962e+05
2.57375000e-01   1.36420495e+05
2.57425000e-01   1.37789531e+05
2.57475000e-01   1.34479269e+05
2.57525000e-01   1.27091949e+05
2.57575000e-01   1.18295869e+05
2.57625000e-01   1.11065520e+05
2.57675000e-01   1.08526481e+05
2.57725000e-01   1.10401680e+05
2.57775000e-01   1.14519012e+05
2.57825000e-01   1.19815976e+05
2.57875000e-01   1.26100460e+05
2.57925000e-01   1.32190859e+05
2.57975000e-01   1.37656979e+05
2.58025000e-01   1.42765935e+05
2.58075000e-01   1.47379660e+05
2.58125000e-01   1.52001407e+05
2.58175000e-01   1.55787724e+05
2.58225000e-01   1.55505941e+05
2.58275000e-01   1.47703150e+05
2.58325000e-01   1.36203382e+05
2.58375000e-01   1.30071415e+05
2.58425000e-01   1.28876071e+05
2.58475000e-01   1.26497087e+05
2.58525000e-01   1.19232363e+05
2.58575000e-01   1.10862965e+05
2.58625000e-01   1.06353618e+05
2.58675000e-01   1.05104043e+05
2.58725000e-01   1.08388949e+05
2.58775000e-01   1.15541946e+05
2.58825000e-01   1.22300758e+05
2.58875000e-01   1.27149527e+05
2.58925000e-01   1.33280006e+05
2.58975000e-01   1.42839390e+05
2.59025000e-01   1.49068951e+05
2.59075000e-01   1.47529261e+05
2.59125000e-01   1.40236373e+05
2.59175000e-01   1.29954824e+05
2.59225000e-01   1.21862483e+05
2.59275000e-01   1.18592794e+05
2.59325000e-01   1.16423710e+05
2.59375000e-01   1.10852719e+05
2.59425000e-01   1.03863931e+05
2.59475000e-01   1.01791874e+05
2.59525000e-01   1.05090823e+05
2.59575000e-01   1.09120214e+05
2.59625000e-01   1.10352026e+05
2.59675000e-01   1.08097881e+05
2.59725000e-01   1.04454954e+05
2.59775000e-01   9.95252775e+04
2.59825000e-01   9.17880088e+04
2.59875000e-01   8.34063550e+04
2.59925000e-01   7.72979690e+04
2.59975000e-01   7.39221348e+04
2.60025000e-01   7.34839688e+04
2.60075000e-01   7.72452010e+04
2.60125000e-01   8.38210623e+04
2.60175000e-01   9.04119383e+04
2.60225000e-01   9.71779385e+04
2.60275000e-01   1.02445083e+05
2.60325000e-01   1.04491389e+05
2.60375000e-01   1.04238358e+05
2.60425000e-01   1.02699571e+05
2.60475000e-01   9.99320891e+04
2.60525000e-01   9.59958592e+04
2.60575000e-01   9.12511053e+04
2.60625000e-01   8.59740363e+04
2.60675000e-01   8.09581194e+04
2.60725000e-01   7.75001201e+04
2.60775000e-01   7.67056596e+04
2.60825000e-01   7.85937608e+04
2.60875000e-01   8.26651317e+04
2.60925000e-01   8.75239682e+04
2.60975000e-01   9.10300168e+04
2.61025000e-01   9.23878070e+04
2.61075000e-01   9.18285001e+04
2.61125000e-01   8.89318059e+04
2.61175000e-01   8.34586257e+04
2.61225000e-01   7.83566601e+04
2.61275000e-01   7.59212412e+04
2.61325000e-01   7.63615074e+04
2.61375000e-01   7.83286518e+04
2.61425000e-01   7.99485999e+04
2.61475000e-01   8.25171029e+04
2.61525000e-01   8.72898377e+04
2.61575000e-01   9.41507509e+04
2.61625000e-01   1.00898552e+05
2.61675000e-01   1.04319435e+05
2.61725000e-01   1.04495429e+05
2.61775000e-01   1.01880812e+05
2.61825000e-01   9.75181919e+04
2.61875000e-01   9.62233441e+04
2.61925000e-01   9.96942362e+04
2.61975000e-01   1.05392401e+05
