5.00000000e-04   5.08883619e+03
1.50000000e-03   3.39234993e+03
2.50000000e-03   4.24588883e+03
3.50000000e-03   2.72329723e+03
4.50000000e-03   3.70508754e+03
5.50000000e-03   6.26194675e+03
6.50000000e-03   5.47671763e+03
7.50000000e-03   5.65298298e+03
8.50000000e-03   3.38729453e+03
9.50000000e-03   3.73792589e+03
1.05000000e-02   1.27656463e+03
1.15000000e-02   8.99562123e+02
1.25000000e-02   5.54198592e+02
1.35000000e-02   5.25864202e+02
1.45000000e-02   1.64276808e+03
1.55000000e-02   1.94830214e+03
1.65000000e-02   2.60509092e+03
1.75000000e-02   1.13548715e+04
1.85000000e-02   5.57407435e+03
1.95000000e-02   5.64504642e+03
2.05000000e-02   2.69101216e+03
2.15000000e-02   2.04495398e+03
2.25000000e-02   2.82384672e+03
2.35000000e-02   1.39326166e+03
2.45000000e-02   3.44258394e+03
2.55000000e-02   5.59303440e+03
2.65000000e-02   1.83533139e+03
2.75000000e-02   3.17299364e+03
2.85000000e-02   4.25166004e+04
2.95000000e-02   1.07382147e+03
3.05000000e-02   5.71573918e+04
3.15000000e-02   4.27881976e+03
3.25000000e-02   5.84300546e+03
3.35000000e-02   5.64242250e+03
3.45000000e-02   2.37219932e+03
3.55000000e-02   2.00679583e+03
3.65000000e-02   4.30884463e+04
3.75000000e-02   4.33670519e+02
3.85000000e-02   1.82851206e+02
3.95000000e-02   1.78716531e+02
4.05000000e-02   2.94728022e+02
4.15000000e-02   5.68635130e+02
4.25000000e-02   1.38299983e+02
4.35000000e-02   3.17021155e+02
4.45000000e-02   1.22316400e+02
4.55000000e-02   1.34581850e+02
4.65000000e-02   4.78401196e+02
4.75000000e-02   1.86799975e+02
4.85000000e-02   3.05876328e+02
4.95000000e-02   1.07083775e+03
5.05000000e-02   4.29019135e+02
5.15000000e-02   1.44569419e+02
5.25000000e-02   2.50479048e+02
5.35000000e-02   1.81519019e+02
5.45000000e-02   1.15048867e+02
5.55000000e-02   5.06562526e+02
5.65000000e-02   1.51867459e+02
5.75000000e-02   1.48776921e+02
5.85000000e-02   8.28634824e+02
5.95000000e-02   1.70037283e+02
6.05000000e-02   6.87729963e+02
6.15000000e-02   2.05631822e+02
6.25000000e-02   8.78040370e+02
6.35000000e-02   2.18551395e+02
6.45000000e-02   4.90331194e+01
6.55000000e-02   3.80751704e+01
6.65000000e-02   3.31883583e+01
6.75000000e-02   3.34776599e+01
6.85000000e-02   1.13556367e+02
6.95000000e-02   8.28253153e+01
7.05000000e-02   2.12783462e+02
7.15000000e-02   9.16652898e+01
7.25000000e-02   6.80446470e+01
7.35000000e-02   8.71723652e+01
7.45000000e-02   1.05625641e+02
7.55000000e-02   1.58135385e+02
7.65000000e-02   3.91918252e+02
7.75000000e-02   3.55120408e+02
7.85000000e-02   4.86561439e+02
7.95000000e-02   2.23597100e+02
8.05000000e-02   2.27694070e+02
8.15000000e-02   2.54395679e+02
8.25000000e-02   3.69688476e+02
8.35000000e-02   6.16501152e+02
8.45000000e-02   4.43885003e+02
8.55000000e-02   4.86031011e+02
8.65000000e-02   5.06636134e+02
8.75000000e-02   5.92939188e+02
8.85000000e-02   6.66347802e+02
8.95000000e-02   7.96928518e+02
9.05000000e-02   9.22835179e+02
9.15000000e-02   6.93582025e+02
9.25000000e-02   2.43492390e+02
9.35000000e-02   2.09543466e+02
9.45000000e-02   1.46919641e+02
9.55000000e-02   8.31353699e+01
9.65000000e-02   8.50022827e+01
9.75000000e-02   2.29198111e+03
9.85000000e-02   1.67377057e+02
9.95000000e-02   2.53926658e+02
1.00500000e-01   1.01143436e+02
1.01500000e-01   1.14934103e+02
1.02500000e-01   6.38504352e+03
1.03500000e-01   3.15329128e+03
1.04500000e-01   1.50789298e+02
1.05500000e-01   1.25536386e+02
1.06500000e-01   1.17511092e+02
1.07500000e-01   1.22621282e+02
1.08500000e-01   2.02240473e+02
1.09500000e-01   1.33807678e+02
1.10500000e-01   1.40296360e+02
1.11500000e-01   1.25176808e+02
1.12500000e-01   1.35913530e+02
1.13500000e-01   1.02975827e+02
1.14500000e-01   6.85093808e+01
1.15500000e-01   1.10674653e+02
1.16500000e-01   1.23035591e+02
1.17500000e-01   1.97134142e+03
1.18500000e-01   1.33890512e+02
1.19500000e-01   4.41347839e+02
1.19750000e-01   4.24486245e+02
1.19800000e-01   4.43163878e+02
1.19850000e-01   4.66001695e+02
1.19900000e-01   4.87171949e+02
1.19950000e-01   5.00091527e+02
1.20000000e-01   4.99593216e+02
1.20050000e-01   4.85710867e+02
1.20100000e-01   4.61879538e+02
1.20150000e-01   4.35539201e+02
1.20200000e-01   4.14336226e+02
1.20250000e-01   4.08744244e+02
1.20300000e-01   4.57861266e+02
1.20350000e-01   6.37063859e+02
1.20400000e-01   1.01216833e+03
1.20450000e-01   1.59151690e+03
1.20500000e-01   7.00249208e+03
1.20550000e-01   9.06658156e+03
1.20600000e-01   1.04231823e+04
1.20650000e-01   1.06169830e+04
1.20700000e-01   9.57092882e+03
1.20750000e-01   2.51478607e+03
1.20800000e-01   2.67618307e+03
1.20850000e-01   1.83589493e+03
1.20900000e-01   1.28389742e+03
1.20950000e-01   1.05158902e+03
1.21000000e-01   1.06578011e+03
1.21050000e-01   1.22802720e+03
1.21100000e-01   1.54983951e+03
1.21150000e-01   2.46834589e+03
1.21200000e-01   6.17254041e+03
1.21250000e-01   1.85377354e+04
1.21300000e-01   4.73779365e+04
1.21350000e-01   9.61079303e+04
1.21400000e-01   1.60347506e+05
1.21450000e-01   2.28620878e+05
1.21500000e-01   2.83150220e+05
1.21550000e-01   3.05498314e+05
1.21600000e-01   2.88178536e+05
1.21650000e-01   2.37895364e+05
1.21700000e-01   1.71521548e+05
1.21750000e-01   1.06566833e+05
1.21800000e-01   5.60489922e+04
1.21850000e-01   2.49069393e+04
1.21900000e-01   1.01348560e+04
1.21950000e-01   4.68304069e+03
1.22000000e-01   2.76557542e+03
1.22050000e-01   1.90517411e+03
1.22100000e-01   1.40792927e+03
1.22150000e-01   1.11326978e+03
1.22200000e-01   9.31803299e+02
1.22250000e-01   8.08665406e+02
1.22300000e-01   7.18937903e+02
1.22350000e-01   6.50999678e+02
1.22400000e-01   5.97811243e+02
1.22450000e-01   3.69581500e+02
1.22500000e-01   3.47518096e+02
1.22550000e-01   3.31351601e+02
1.22600000e-01   3.20622466e+02
1.22650000e-01   3.13687869e+02
1.22700000e-01   3.08762459e+02
1.22750000e-01   3.04510444e+02
1.22800000e-01   2.98788086e+02
1.22850000e-01   2.90565797e+02
1.22900000e-01   2.80734839e+02
1.22950000e-01   2.69446612e+02
1.23000000e-01   2.57441007e+02
1.23050000e-01   2.46338086e+02
1.23100000e-01   2.37531987e+02
1.23150000e-01   2.31090371e+02
1.23200000e-01   2.26860512e+02
1.23250000e-01   2.24397013e+02
1.23300000e-01   2.22669990e+02
1.23350000e-01   2.21165243e+02
1.23400000e-01   2.19224138e+02
1.23450000e-01   2.16409399e+02
1.23500000e-01   2.15643269e+02
1.23550000e-01   2.24214453e+02
1.23600000e-01   2.50334555e+02
1.23650000e-01   2.97163186e+02
1.23700000e-01   3.63774899e+02
1.23750000e-01   4.38852144e+02
1.23800000e-01   5.00583677e+02
1.23850000e-01   5.28320076e+02
1.23900000e-01   5.16853863e+02
1.23950000e-01   4.72659453e+02
1.24000000e-01   4.14712901e+02
1.24050000e-01   3.67857333e+02
1.24100000e-01   3.46951754e+02
1.24150000e-01   3.49475784e+02
1.24200000e-01   3.61590570e+02
1.24250000e-01   3.66620483e+02
1.24300000e-01   3.52123292e+02
1.24350000e-01   3.16709001e+02
1.24400000e-01   2.70424933e+02
1.24450000e-01   2.26661147e+02
1.24500000e-01   1.94168731e+02
1.24550000e-01   1.75214415e+02
1.24600000e-01   1.67900874e+02
1.24650000e-01   1.66900373e+02
1.24700000e-01   1.66759902e+02
1.24750000e-01   1.65690326e+02
1.24800000e-01   1.64479576e+02
1.24850000e-01   1.63984346e+02
1.24900000e-01   1.64915825e+02
1.24950000e-01   1.66771727e+02
1.25000000e-01   1.67699072e+02
1.25050000e-01   1.67842421e+02
1.25100000e-01   1.69051277e+02
1.25150000e-01   1.72246004e+02
1.25200000e-01   1.79407867e+02
1.25250000e-01   1.91306580e+02
1.25300000e-01   2.04318258e+02
1.25350000e-01   2.14477438e+02
1.25400000e-01   2.20235877e+02
1.25450000e-01   2.20827571e+02
1.25500000e-01   2.17677254e+02
1.25550000e-01   2.14461540e+02
1.25600000e-01   2.13787795e+02
1.25650000e-01   2.18043371e+02
1.25700000e-01   2.30522040e+02
1.25750000e-01   2.53592772e+02
1.25800000e-01   2.88633338e+02
1.25850000e-01   3.32806765e+02
1.25900000e-01   3.77256162e+02
1.25950000e-01   4.09161594e+02
1.26000000e-01   4.18615991e+02
1.26050000e-01   4.00221203e+02
1.26100000e-01   3.56073860e+02
1.26150000e-01   3.02086903e+02
1.26200000e-01   2.65210941e+02
1.26250000e-01   2.68751358e+02
1.26300000e-01   3.19570044e+02
1.26350000e-01   4.07528093e+02
1.26400000e-01   5.07017426e+02
1.26450000e-01   5.81888118e+02
1.26500000e-01   6.00137520e+02
1.26550000e-01   5.55667280e+02
1.26600000e-01   4.67620330e+02
1.26650000e-01   3.63037084e+02
1.26700000e-01   2.66376649e+02
1.26750000e-01   1.95104753e+02
1.26800000e-01   1.52955488e+02
1.26850000e-01   1.32610839e+02
1.26900000e-01   1.23950896e+02
1.26950000e-01   1.21022483e+02
1.27000000e-01   1.20851805e+02
1.27050000e-01   1.21162679e+02
1.27100000e-01   1.20442348e+02
1.27150000e-01   1.19036665e+02
1.27200000e-01   1.19210830e+02
1.27250000e-01   1.23085431e+02
1.27300000e-01   1.32294492e+02
1.27350000e-01   1.46824552e+02
1.27400000e-01   1.64679708e+02
1.27450000e-01   1.82163188e+02
1.27500000e-01   1.97228548e+02
1.27550000e-01   2.08449928e+02
1.27600000e-01   2.14610613e+02
1.27650000e-01   2.16744470e+02
1.27700000e-01   2.16426001e+02
1.27750000e-01   2.13593480e+02
1.27800000e-01   2.09339643e+02
1.27850000e-01   2.05160639e+02
1.27900000e-01   2.00378469e+02
1.27950000e-01   1.93572289e+02
1.28000000e-01   1.83935147e+02
1.28050000e-01   1.70595221e+02
1.28100000e-01   1.53967227e+02
1.28150000e-01   1.36692059e+02
1.28200000e-01   1.21469236e+02
1.28250000e-01   1.09978319e+02
1.28300000e-01   1.03152571e+02
1.28350000e-01   9.98365425e+01
1.28400000e-01   9.80720385e+01
1.28450000e-01   9.72507207e+01
1.28500000e-01   9.80412444e+01
1.28550000e-01   1.02316922e+02
1.28600000e-01   1.11475802e+02
1.28650000e-01   1.26174891e+02
1.28700000e-01   1.44995718e+02
1.28750000e-01   1.64519851e+02
1.28800000e-01   1.79737899e+02
1.28850000e-01   1.87058280e+02
1.28900000e-01   1.85567736e+02
1.28950000e-01   1.75821299e+02
1.29000000e-01   1.60834262e+02
1.29050000e-01   1.44609061e+02
1.29100000e-01   1.29938979e+02
1.29150000e-01   1.18678599e+02
1.29200000e-01   1.12344710e+02
1.29250000e-01   1.11985105e+02
1.29300000e-01   1.17452302e+02
1.29350000e-01   1.28466970e+02
1.29400000e-01   1.43362677e+02
1.29450000e-01   1.58893638e+02
1.29500000e-01   1.71363053e+02
1.29550000e-01   1.78866654e+02
1.29600000e-01   1.81680448e+02
1.29650000e-01   1.81724975e+02
1.29700000e-01   1.82690011e+02
1.29750000e-01   1.87858587e+02
1.29800000e-01   1.98139233e+02
1.29850000e-01   2.17192466e+02
1.29900000e-01   2.61119453e+02
1.29950000e-01   3.57492811e+02
1.30000000e-01   5.21818239e+02
1.30050000e-01   7.34833962e+02
1.30100000e-01   9.61534922e+02
1.30150000e-01   1.16566292e+03
1.30200000e-01   1.31532106e+03
1.30250000e-01   1.41194940e+03
1.30300000e-01   3.16675438e+03
1.30350000e-01   3.48780122e+03
1.30400000e-01   3.92087320e+03
1.30450000e-01   4.34438206e+03
1.30500000e-01   4.58346003e+03
1.30550000e-01   2.13350724e+03
1.30600000e-01   1.91148004e+03
1.30650000e-01   1.55326693e+03
1.30700000e-01   1.15620998e+03
1.30750000e-01   8.16677493e+02
1.30800000e-01   5.79779117e+02
1.30850000e-01   4.44998313e+02
1.30900000e-01   3.84945311e+02
1.30950000e-01   3.58992800e+02
1.31000000e-01   3.35206870e+02
1.31050000e-01   3.04646537e+02
1.31100000e-01   2.70026627e+02
1.31150000e-01   2.37004970e+02
1.31200000e-01   2.09553337e+02
1.31250000e-01   1.88682732e+02
1.31300000e-01   1.72328158e+02
1.31350000e-01   1.60350343e+02
1.31400000e-01   1.54591527e+02
1.31450000e-01   1.55802344e+02
1.31500000e-01   1.62816798e+02
1.31550000e-01   1.74154037e+02
1.31600000e-01   1.86554860e+02
1.31650000e-01   1.96198194e+02
1.31700000e-01   2.02137251e+02
1.31750000e-01   2.05080201e+02
1.31800000e-01   2.03764975e+02
1.31850000e-01   1.97124170e+02
1.31900000e-01   1.85424655e+02
1.31950000e-01   1.69439094e+02
1.32000000e-01   1.51076237e+02
1.32050000e-01   1.34577311e+02
1.32100000e-01   1.23979767e+02
1.32150000e-01   1.20909473e+02
1.32200000e-01   1.24401677e+02
1.32250000e-01   1.31604858e+02
1.32300000e-01   1.38984675e+02
1.32350000e-01   1.43458894e+02
1.32400000e-01   1.44092217e+02
1.32450000e-01   1.41773396e+02
1.32500000e-01   1.38454630e+02
1.32550000e-01   1.35768165e+02
1.32600000e-01   1.35967039e+02
1.32650000e-01   1.41547020e+02
1.32700000e-01   1.53244809e+02
1.32750000e-01   1.70045415e+02
1.32800000e-01   1.88815023e+02
1.32850000e-01   2.04871181e+02
1.32900000e-01   2.12861756e+02
1.32950000e-01   2.10254441e+02
1.33000000e-01   1.97760245e+02
1.33050000e-01   1.80998165e+02
1.33100000e-01   1.80721638e+02
1.33150000e-01   2.56458340e+02
1.33200000e-01   4.82105477e+02
1.33250000e-01   9.14956866e+02
1.33300000e-01   1.59131636e+03
1.33350000e-01   2.45515740e+03
1.33400000e-01   7.32397211e+03
1.33450000e-01   8.70789028e+03
1.33500000e-01   9.22703125e+03
1.33550000e-01   8.67237129e+03
1.33600000e-01   7.18189239e+03
1.33650000e-01   2.35910288e+03
1.33700000e-01   1.51423584e+03
1.33750000e-01   8.47700674e+02
1.33800000e-01   4.20854489e+02
1.33850000e-01   2.12120510e+02
1.33900000e-01   1.41539744e+02
1.33950000e-01   1.27217346e+02
1.34000000e-01   1.25825718e+02
1.34050000e-01   1.26942181e+02
1.34100000e-01   1.29033738e+02
1.34150000e-01   1.30511529e+02
1.34200000e-01   1.31438075e+02
1.34250000e-01   1.31510192e+02
1.34300000e-01   1.30790901e+02
1.34350000e-01   1.30255156e+02
1.34400000e-01   1.30510068e+02
1.34450000e-01   1.30643063e+02
1.34500000e-01   1.30957710e+02
1.34550000e-01   1.32120215e+02
1.34600000e-01   1.33583437e+02
1.34650000e-01   1.34923083e+02
1.34700000e-01   1.36744022e+02
1.34750000e-01   1.39105411e+02
1.34800000e-01   1.42669748e+02
1.34850000e-01   1.50871107e+02
1.34900000e-01   1.66167973e+02
1.34950000e-01   1.88963845e+02
1.35000000e-01   2.17495452e+02
1.35050000e-01   2.45558220e+02
1.35100000e-01   2.64386408e+02
1.35150000e-01   2.68903577e+02
1.35200000e-01   2.60224903e+02
1.35250000e-01   2.47308072e+02
1.35300000e-01   2.42551720e+02
1.35350000e-01   2.54605495e+02
1.35400000e-01   2.85099739e+02
1.35450000e-01   3.25392040e+02
1.35500000e-01   3.60248363e+02
1.35550000e-01   3.78180805e+02
1.35600000e-01   3.75957122e+02
1.35650000e-01   3.57197770e+02
1.35700000e-01   3.32763191e+02
1.35750000e-01   3.11101579e+02
1.35800000e-01   2.94401683e+02
1.35850000e-01   2.81643031e+02
1.35900000e-01   2.69024109e+02
1.35950000e-01   2.52874656e+02
1.36000000e-01   2.36101588e+02
1.36050000e-01   2.19061123e+02
1.36100000e-01   2.03702407e+02
1.36150000e-01   1.94327809e+02
1.36200000e-01   1.89802349e+02
1.36250000e-01   1.89701505e+02
1.36300000e-01   1.90542229e+02
1.36350000e-01   1.91498996e+02
1.36400000e-01   1.88987947e+02
1.36450000e-01   1.84367903e+02
1.36500000e-01   1.78347945e+02
1.36550000e-01   1.73627179e+02
1.36600000e-01   1.70026643e+02
1.36650000e-01   1.69532536e+02
1.36700000e-01   1.71435634e+02
1.36750000e-01   1.76664277e+02
1.36800000e-01   1.83576218e+02
1.36850000e-01   1.91642464e+02
1.36900000e-01   1.99927998e+02
1.36950000e-01   2.08956134e+02
1.37000000e-01   2.16456881e+02
1.37050000e-01   2.21678685e+02
1.37100000e-01   2.23582195e+02
1.37150000e-01   2.22813912e+02
1.37200000e-01   2.18800984e+02
1.37250000e-01   2.12246554e+02
1.37300000e-01   2.03562068e+02
1.37350000e-01   1.94660795e+02
1.37400000e-01   1.86525293e+02
1.37450000e-01   1.80077135e+02
1.37500000e-01   1.74850763e+02
1.37550000e-01   1.71764994e+02
1.37600000e-01   1.70296297e+02
1.37650000e-01   1.70900752e+02
1.37700000e-01   1.73170856e+02
1.37750000e-01   1.76987519e+02
1.37800000e-01   1.81945188e+02
1.37850000e-01   1.88614295e+02
1.37900000e-01   1.94584616e+02
1.37950000e-01   1.99858006e+02
1.38000000e-01   2.03978686e+02
1.38050000e-01   2.06092491e+02
1.38100000e-01   2.04948524e+02
1.38150000e-01   2.01923984e+02
1.38200000e-01   1.97365617e+02
1.38250000e-01   1.92359207e+02
1.38300000e-01   1.87816246e+02
1.38350000e-01   1.84815761e+02
1.38400000e-01   1.83126563e+02
1.38450000e-01   1.83539975e+02
1.38500000e-01   1.85653731e+02
1.38550000e-01   1.89180233e+02
1.38600000e-01   1.93153559e+02
1.38650000e-01   1.97459404e+02
1.38700000e-01   2.00740617e+02
1.38750000e-01   2.03112689e+02
1.38800000e-01   2.03449546e+02
1.38850000e-01   2.02940065e+02
1.38900000e-01   2.01642764e+02
1.38950000e-01   2.00910296e+02
1.39000000e-01   2.11706059e+02
1.39050000e-01   2.58496620e+02
1.39100000e-01   3.64936349e+02
1.39150000e-01   5.39119496e+02
1.39200000e-01   7.63277956e+02
1.39250000e-01   9.89970426e+02
1.39300000e-01   1.16648822e+03
1.39350000e-01   1.25047391e+03
1.39400000e-01   1.21981951e+03
1.39450000e-01   1.08039516e+03
1.39500000e-01   8.78755052e+02
1.39550000e-01   6.66868364e+02
1.39600000e-01   4.83003079e+02
1.39650000e-01   3.46944478e+02
1.39700000e-01   2.69797645e+02
1.39750000e-01   2.43640746e+02
1.39800000e-01   2.48206758e+02
1.39850000e-01   2.64349980e+02
1.39900000e-01   1.35724909e+03
1.39950000e-01   1.57799243e+03
1.40000000e-01   1.92085476e+03
1.40050000e-01   2.37783239e+03
1.40100000e-01   2.91226382e+03
1.40150000e-01   7.29103839e+02
1.40200000e-01   8.02331150e+02
1.40250000e-01   8.28634676e+02
1.40300000e-01   8.02081414e+02
1.40350000e-01   7.27202130e+02
1.40400000e-01   6.26086637e+02
1.40450000e-01   5.21574124e+02
1.40500000e-01   4.30286035e+02
1.40550000e-01   3.60187290e+02
1.40600000e-01   3.13742334e+02
1.40650000e-01   2.87938429e+02
1.40700000e-01   2.75893172e+02
1.40750000e-01   2.68672551e+02
1.40800000e-01   2.63318607e+02
1.40850000e-01   2.60971308e+02
1.40900000e-01   2.61895282e+02
1.40950000e-01   2.65483817e+02
1.41000000e-01   2.70860256e+02
1.41050000e-01   2.76553415e+02
1.41100000e-01   2.82182496e+02
1.41150000e-01   2.85198833e+02
1.41200000e-01   2.85012979e+02
1.41250000e-01   2.82282705e+02
1.41300000e-01   2.78691329e+02
1.41350000e-01   2.73646469e+02
1.41400000e-01   2.69959945e+02
1.41450000e-01   2.67682385e+02
1.41500000e-01   2.67403190e+02
1.41550000e-01   2.68093878e+02
1.41600000e-01   2.69536699e+02
1.41650000e-01   2.70492893e+02
1.41700000e-01   2.71286131e+02
1.41750000e-01   2.70896760e+02
1.41800000e-01   2.69649593e+02
1.41850000e-01   2.68082801e+02
1.41900000e-01   2.66411293e+02
1.41950000e-01   2.64688938e+02
1.42000000e-01   2.63343522e+02
1.42050000e-01   2.62641146e+02
1.42100000e-01   2.62206633e+02
1.42150000e-01   2.64438876e+02
1.42200000e-01   2.70556661e+02
1.42250000e-01   2.82466604e+02
1.42300000e-01   2.99356225e+02
1.42350000e-01   3.18502499e+02
1.42400000e-01   3.35120538e+02
1.42450000e-01   3.45449751e+02
1.42500000e-01   3.46060212e+02
1.42550000e-01   3.36870531e+02
1.42600000e-01   3.21080703e+02
1.42650000e-01   3.02831960e+02
1.42700000e-01   2.86727055e+02
1.42750000e-01   2.74924966e+02
1.42800000e-01   2.67678548e+02
1.42850000e-01   2.66188483e+02
1.42900000e-01   2.70650780e+02
1.42950000e-01   2.78893462e+02
1.43000000e-01   2.90749187e+02
1.43050000e-01   3.07416879e+02
1.43100000e-01   3.25683155e+02
1.43150000e-01   3.43236775e+02
1.43200000e-01   3.56621842e+02
1.43250000e-01   3.63597822e+02
1.43300000e-01   3.62873416e+02
1.43350000e-01   3.56349295e+02
1.43400000e-01   3.45606462e+02
1.43450000e-01   3.34725022e+02
1.43500000e-01   3.25529702e+02
1.43550000e-01   3.18693341e+02
1.43600000e-01   3.14366091e+02
1.43650000e-01   3.11709727e+02
1.43700000e-01   3.09265433e+02
1.43750000e-01   3.05786892e+02
1.43800000e-01   3.02521439e+02
1.43850000e-01   2.99261269e+02
1.43900000e-01   2.96472320e+02
1.43950000e-01   2.94360421e+02
1.44000000e-01   2.94422829e+02
1.44050000e-01   2.94433266e+02
1.44100000e-01   2.96043153e+02
1.44150000e-01   2.97804772e+02
1.44200000e-01   2.99820843e+02
1.44250000e-01   3.02296525e+02
1.44300000e-01   3.06310715e+02
1.44350000e-01   3.09187434e+02
1.44400000e-01   3.12777873e+02
1.44450000e-01   3.16002983e+02
1.44500000e-01   3.18197324e+02
1.44550000e-01   3.19261057e+02
1.44600000e-01   3.18941199e+02
1.44650000e-01   3.16525424e+02
1.44700000e-01   3.13704839e+02
1.44750000e-01   3.10072151e+02
1.44800000e-01   3.06088350e+02
1.44850000e-01   3.03232062e+02
1.44900000e-01   3.01245815e+02
1.44950000e-01   3.00330988e+02
1.45000000e-01   3.00942260e+02
1.45050000e-01   3.02364848e+02
1.45100000e-01   3.04089274e+02
1.45150000e-01   3.06672403e+02
1.45200000e-01   3.10061490e+02
1.45250000e-01   3.14963039e+02
1.45300000e-01   3.20260694e+02
1.45350000e-01   3.25549179e+02
1.45400000e-01   3.30576103e+02
1.45450000e-01   3.34333282e+02
1.45500000e-01   3.35211113e+02
1.45550000e-01   3.34576490e+02
1.45600000e-01   3.32332619e+02
1.45650000e-01   3.30544710e+02
1.45700000e-01   3.29563266e+02
1.45750000e-01   3.29687437e+02
1.45800000e-01   3.31415810e+02
1.45850000e-01   3.34594059e+02
1.45900000e-01   3.36665315e+02
1.45950000e-01   3.37432398e+02
1.46000000e-01   3.38048003e+02
1.46050000e-01   3.39710981e+02
1.46100000e-01   3.43865598e+02
1.46150000e-01   3.50505501e+02
1.46200000e-01   3.59275866e+02
1.46250000e-01   3.67931662e+02
1.46300000e-01   3.74683044e+02
1.46350000e-01   3.77150000e+02
1.46400000e-01   3.76832553e+02
1.46450000e-01   3.75324978e+02
1.46500000e-01   3.77041022e+02
1.46550000e-01   3.84547352e+02
1.46600000e-01   3.98472546e+02
1.46650000e-01   4.15686034e+02
1.46700000e-01   4.32969077e+02
1.46750000e-01   4.45929270e+02
1.46800000e-01   4.50780711e+02
1.46850000e-01   4.47445279e+02
1.46900000e-01   4.38651063e+02
1.46950000e-01   4.29871340e+02
1.47000000e-01   4.27494709e+02
1.47050000e-01   4.39754058e+02
1.47100000e-01   4.69065416e+02
1.47150000e-01   5.13228863e+02
1.47200000e-01   5.64223544e+02
1.47250000e-01   6.09749033e+02
1.47300000e-01   6.38573084e+02
1.47350000e-01   6.43898109e+02
1.47400000e-01   6.23342811e+02
1.47450000e-01   5.83800608e+02
1.47500000e-01   5.33116394e+02
1.47550000e-01   4.81981533e+02
1.47600000e-01   4.37159409e+02
1.47650000e-01   4.04175474e+02
1.47700000e-01   3.83340010e+02
1.47750000e-01   3.71953419e+02
1.47800000e-01   3.66403971e+02
1.47850000e-01   3.69050721e+02
1.47900000e-01   3.80405375e+02
1.47950000e-01   4.00639548e+02
1.48000000e-01   4.30165562e+02
1.48050000e-01   4.66304484e+02
1.48100000e-01   5.00742067e+02
1.48150000e-01   5.26830850e+02
1.48200000e-01   5.39390640e+02
1.48250000e-01   5.35568306e+02
1.48300000e-01   5.20213129e+02
1.48350000e-01   4.99118817e+02
1.48400000e-01   4.78347582e+02
1.48450000e-01   4.65476036e+02
1.48500000e-01   4.61346747e+02
1.48550000e-01   4.63256536e+02
1.48600000e-01   4.66310900e+02
1.48650000e-01   4.67208913e+02
1.48700000e-01   4.62183378e+02
1.48750000e-01   4.51440026e+02
1.48800000e-01   4.36709709e+02
1.48850000e-01   4.22003871e+02
1.48900000e-01   4.09131031e+02
1.48950000e-01   4.01843596e+02
1.49000000e-01   4.00127471e+02
1.49050000e-01   4.03778654e+02
1.49100000e-01   4.10838747e+02
1.49150000e-01   4.18834587e+02
1.49200000e-01   4.25727503e+02
1.49250000e-01   4.30337351e+02
1.49300000e-01   4.31157093e+02
1.49350000e-01   4.29566078e+02
1.49400000e-01   4.26231130e+02
1.49450000e-01   4.21675461e+02
1.49500000e-01   4.17032928e+02
1.49550000e-01   4.13763149e+02
1.49600000e-01   4.11439359e+02
1.49650000e-01   4.10623058e+02
1.49700000e-01   4.10418334e+02
1.49750000e-01   4.12841161e+02
1.49800000e-01   4.17978640e+02
1.49850000e-01   4.25074445e+02
1.49900000e-01   4.33234378e+02
1.49950000e-01   4.43157254e+02
1.50000000e-01   4.52315572e+02
1.50050000e-01   4.60505433e+02
1.50100000e-01   4.65930699e+02
1.50150000e-01   4.67929725e+02
1.50200000e-01   4.67573228e+02
1.50250000e-01   4.65560323e+02
1.50300000e-01   4.61935026e+02
1.50350000e-01   4.58196902e+02
1.50400000e-01   4.55520162e+02
1.50450000e-01   4.53014982e+02
1.50500000e-01   4.51668392e+02
1.50550000e-01   4.51157594e+02
1.50600000e-01   4.52656405e+02
1.50650000e-01   4.55414050e+02
1.50700000e-01   4.58491188e+02
1.50750000e-01   4.62499472e+02
1.50800000e-01   4.68994818e+02
1.50850000e-01   4.77271168e+02
1.50900000e-01   4.87754732e+02
1.50950000e-01   4.99644910e+02
1.51000000e-01   5.10584091e+02
1.51050000e-01   5.19156913e+02
1.51100000e-01   5.22532756e+02
1.51150000e-01   5.20236479e+02
1.51200000e-01   5.13682184e+02
1.51250000e-01   5.04737163e+02
1.51300000e-01   4.95306907e+02
1.51350000e-01   4.88221326e+02
1.51400000e-01   4.83011104e+02
1.51450000e-01   4.82035053e+02
1.51500000e-01   4.82460648e+02
1.51550000e-01   4.83818853e+02
1.51600000e-01   4.85163496e+02
1.51650000e-01   4.86495246e+02
1.51700000e-01   4.86402631e+02
1.51750000e-01   4.86776963e+02
1.51800000e-01   4.86198085e+02
1.51850000e-01   4.86079818e+02
1.51900000e-01   4.87362683e+02
1.51950000e-01   4.89105193e+02
1.52000000e-01   4.92248925e+02
1.52050000e-01   4.96319302e+02
1.52100000e-01   5.02728921e+02
1.52150000e-01   5.10062664e+02
1.52200000e-01   5.18791280e+02
1.52250000e-01   5.26092161e+02
1.52300000e-01   5.35722757e+02
1.52350000e-01   5.51905655e+02
1.52400000e-01   5.83541237e+02
1.52450000e-01   6.32015099e+02
1.52500000e-01   6.92610647e+02
1.52550000e-01   7.55525289e+02
1.52600000e-01   8.06664593e+02
1.52650000e-01   8.32936696e+02
1.52700000e-01   8.25498835e+02
1.52750000e-01   7.87201795e+02
1.52800000e-01   7.31646820e+02
1.52850000e-01   6.72874797e+02
1.52900000e-01   6.20687228e+02
1.52950000e-01   5.85809809e+02
1.53000000e-01   5.75205642e+02
1.53050000e-01   5.91623534e+02
1.53100000e-01   6.32685500e+02
1.53150000e-01   6.94622641e+02
1.53200000e-01   7.67166095e+02
1.53250000e-01   8.34025335e+02
1.53300000e-01   8.81281749e+02
1.53350000e-01   8.95512383e+02
1.53400000e-01   8.72625617e+02
1.53450000e-01   8.23342678e+02
1.53500000e-01   7.64866128e+02
1.53550000e-01   7.09186998e+02
1.53600000e-01   6.65609595e+02
1.53650000e-01   6.38261988e+02
1.53700000e-01   6.23408835e+02
1.53750000e-01   6.15949138e+02
1.53800000e-01   6.11714406e+02
1.53850000e-01   6.10702245e+02
1.53900000e-01   6.17044245e+02
1.53950000e-01   6.29791135e+02
1.54000000e-01   6.44798096e+02
1.54050000e-01   6.57938365e+02
1.54100000e-01   6.64629669e+02
1.54150000e-01   6.59861406e+02
1.54200000e-01   6.46403682e+02
1.54250000e-01   6.30224480e+02
1.54300000e-01   6.16353288e+02
1.54350000e-01   6.07511544e+02
1.54400000e-01   6.06877491e+02
1.54450000e-01   6.22150457e+02
1.54500000e-01   6.86906757e+02
1.54550000e-01   8.45460137e+02
1.54600000e-01   1.09296296e+03
1.54650000e-01   1.40240267e+03
1.54700000e-01   1.73647424e+03
1.54750000e-01   2.03182993e+03
1.54800000e-01   2.23398084e+03
1.54850000e-01   2.32473418e+03
1.54900000e-01   1.89777853e+04
1.54950000e-01   1.79626514e+04
1.55000000e-01   1.65705750e+04
1.55050000e-01   1.49247130e+04
1.55100000e-01   1.31370325e+04
1.55150000e-01   1.36969749e+03
1.55200000e-01   1.17310749e+03
1.55250000e-01   9.88598975e+02
1.55300000e-01   8.27716203e+02
1.55350000e-01   7.03751784e+02
1.55400000e-01   6.31245045e+02
1.55450000e-01   6.04679088e+02
1.55500000e-01   6.03015127e+02
1.55550000e-01   6.11521765e+02
1.55600000e-01   6.32395972e+02
1.55650000e-01   6.69115084e+02
1.55700000e-01   7.24255831e+02
1.55750000e-01   8.04367900e+02
1.55800000e-01   9.11973802e+02
1.55850000e-01   1.04213278e+03
1.55900000e-01   1.17763136e+03
1.55950000e-01   1.29431407e+03
1.56000000e-01   1.37083083e+03
1.56050000e-01   1.39029873e+03
1.56100000e-01   1.34815246e+03
1.56150000e-01   1.25555416e+03
1.56200000e-01   1.13580141e+03
1.56250000e-01   1.01290898e+03
1.56300000e-01   9.06415581e+02
1.56350000e-01   8.22760478e+02
1.56400000e-01   7.67020578e+02
1.56450000e-01   7.35637311e+02
1.56500000e-01   7.21589976e+02
1.56550000e-01   7.19695479e+02
1.56600000e-01   7.25108475e+02
1.56650000e-01   7.36941971e+02
1.56700000e-01   7.55596721e+02
1.56750000e-01   7.78901737e+02
1.56800000e-01   8.04694008e+02
1.56850000e-01   8.29977551e+02
1.56900000e-01   8.49633660e+02
1.56950000e-01   8.61993247e+02
1.57000000e-01   8.61974522e+02
1.57050000e-01   8.53041815e+02
1.57100000e-01   8.39463989e+02
1.57150000e-01   8.30998677e+02
1.57200000e-01   8.36494772e+02
1.57250000e-01   8.58836951e+02
1.57300000e-01   8.92476513e+02
1.57350000e-01   9.28109439e+02
1.57400000e-01   9.53963743e+02
1.57450000e-01   9.57093350e+02
1.57500000e-01   9.35505917e+02
1.57550000e-01   8.93848570e+02
1.57600000e-01   8.41460049e+02
1.57650000e-01   7.87994542e+02
1.57700000e-01   7.43012893e+02
1.57750000e-01   7.11459247e+02
1.57800000e-01   6.95752974e+02
1.57850000e-01   6.94159450e+02
1.57900000e-01   7.04121099e+02
1.57950000e-01   7.17757540e+02
1.58000000e-01   7.29695501e+02
1.58050000e-01   7.36236883e+02
1.58100000e-01   7.33321278e+02
1.58150000e-01   7.23036050e+02
1.58200000e-01   7.10737725e+02
1.58250000e-01   7.04184519e+02
1.58300000e-01   7.06613296e+02
1.58350000e-01   7.15935109e+02
1.58400000e-01   7.30494542e+02
1.58450000e-01   7.44582539e+02
1.58500000e-01   7.54984692e+02
1.58550000e-01   7.62914095e+02
1.58600000e-01   7.70008451e+02
1.58650000e-01   7.77866388e+02
1.58700000e-01   7.88505680e+02
1.58750000e-01   7.98294419e+02
1.58800000e-01   8.04041717e+02
1.58850000e-01   8.03368546e+02
1.58900000e-01   7.95114457e+02
1.58950000e-01   7.80127391e+02
1.59000000e-01   7.64390866e+02
1.59050000e-01   7.50297598e+02
1.59100000e-01   7.40988906e+02
1.59150000e-01   7.38027856e+02
1.59200000e-01   7.43344868e+02
1.59250000e-01   7.52581184e+02
1.59300000e-01   7.64123651e+02
1.59350000e-01   7.74436891e+02
1.59400000e-01   7.80402717e+02
1.59450000e-01   7.78928107e+02
1.59500000e-01   7.68090699e+02
1.59550000e-01   7.49120247e+02
1.59600000e-01   7.27111658e+02
1.59650000e-01   7.05565258e+02
1.59700000e-01   6.86804245e+02
1.59750000e-01   6.74667807e+02
1.59800000e-01   6.70668442e+02
1.59850000e-01   6.74355636e+02
1.59900000e-01   6.84561709e+02
1.59950000e-01   7.04283666e+02
1.60000000e-01   7.30432248e+02
1.60050000e-01   7.60649007e+02
1.60100000e-01   7.90377935e+02
1.60150000e-01   8.14280289e+02
1.60200000e-01   8.27838646e+02
1.60250000e-01   8.27707595e+02
1.60300000e-01   8.15485256e+02
1.60350000e-01   7.95390548e+02
1.60400000e-01   7.72743421e+02
1.60450000e-01   7.51666919e+02
1.60500000e-01   7.38164737e+02
1.60550000e-01   7.34053418e+02
1.60600000e-01   7.41155648e+02
1.60650000e-01   7.56412816e+02
1.60700000e-01   7.76046313e+02
1.60750000e-01   7.95977833e+02
1.60800000e-01   8.16557735e+02
1.60850000e-01   8.34832465e+02
1.60900000e-01   8.51553120e+02
1.60950000e-01   8.68187122e+02
1.61000000e-01   8.88425613e+02
1.61050000e-01   9.11499745e+02
1.61100000e-01   9.39226281e+02
1.61150000e-01   9.66825261e+02
1.61200000e-01   9.88843305e+02
1.61250000e-01   9.99493470e+02
1.61300000e-01   9.95228954e+02
1.61350000e-01   9.72871023e+02
1.61400000e-01   9.36544569e+02
1.61450000e-01   8.95666398e+02
1.61500000e-01   8.56386207e+02
1.61550000e-01   8.25863158e+02
1.61600000e-01   8.09798685e+02
1.61650000e-01   8.07730404e+02
1.61700000e-01   8.15285403e+02
1.61750000e-01   8.28133560e+02
1.61800000e-01   8.39488819e+02
1.61850000e-01   8.49027329e+02
1.61900000e-01   8.58881449e+02
1.61950000e-01   8.70798524e+02
1.62000000e-01   8.87916849e+02
1.62050000e-01   9.12698103e+02
1.62100000e-01   9.39104579e+02
1.62150000e-01   9.61920579e+02
1.62200000e-01   9.80065177e+02
1.62250000e-01   9.91163531e+02
1.62300000e-01   9.96997977e+02
1.62350000e-01   1.00072307e+03
1.62400000e-01   1.00442730e+03
1.62450000e-01   1.01119941e+03
1.62500000e-01   1.01725755e+03
1.62550000e-01   1.01888882e+03
1.62600000e-01   1.01467149e+03
1.62650000e-01   1.00533610e+03
1.62700000e-01   9.93638178e+02
1.62750000e-01   9.83018008e+02
1.62800000e-01   9.74811384e+02
1.62850000e-01   9.68663621e+02
1.62900000e-01   9.64223275e+02
1.62950000e-01   9.59799428e+02
1.63000000e-01   9.57760509e+02
1.63050000e-01   9.58728943e+02
1.63100000e-01   9.69107513e+02
1.63150000e-01   9.89795678e+02
1.63200000e-01   1.01274156e+03
1.63250000e-01   1.03290887e+03
1.63300000e-01   1.04535247e+03
1.63350000e-01   1.04210265e+03
1.63400000e-01   1.02593077e+03
1.63450000e-01   1.00652964e+03
1.63500000e-01   9.86870390e+02
1.63550000e-01   9.76153975e+02
1.63600000e-01   9.76989184e+02
1.63650000e-01   9.88944468e+02
1.63700000e-01   1.01784322e+03
1.63750000e-01   1.07111021e+03
1.63800000e-01   1.14333447e+03
1.63850000e-01   1.22823768e+03
1.63900000e-01   2.95742933e+04
1.63950000e-01   3.12225772e+04
1.64000000e-01   3.20758925e+04
1.64050000e-01   3.19664950e+04
1.64100000e-01   3.10037808e+04
1.64150000e-01   1.29450455e+03
1.64200000e-01   1.21773639e+03
1.64250000e-01   1.15311687e+03
1.64300000e-01   1.10565151e+03
1.64350000e-01   1.07587495e+03
1.64400000e-01   1.05825737e+03
1.64450000e-01   1.03756295e+03
1.64500000e-01   1.01189633e+03
1.64550000e-01   9.86381700e+02
1.64600000e-01   9.65661979e+02
1.64650000e-01   9.53814584e+02
1.64700000e-01   9.52669415e+02
1.64750000e-01   9.55568199e+02
1.64800000e-01   9.59076661e+02
1.64850000e-01   9.59771188e+02
1.64900000e-01   9.54557633e+02
1.64950000e-01   9.43475074e+02
1.65000000e-01   9.28724606e+02
1.65050000e-01   9.12507872e+02
1.65100000e-01   9.01897272e+02
1.65150000e-01   9.02052102e+02
1.65200000e-01   9.13217177e+02
1.65250000e-01   9.38384227e+02
1.65300000e-01   9.85395830e+02
1.65350000e-01   1.06867301e+03
1.65400000e-01   1.20224486e+03
1.65450000e-01   1.39820221e+03
1.65500000e-01   1.65854864e+03
1.65550000e-01   1.96056022e+03
1.65600000e-01   7.34226167e+03
1.65650000e-01   8.14948968e+03
1.65700000e-01   8.60783172e+03
1.65750000e-01   8.62249105e+03
1.65800000e-01   8.20226289e+03
1.65850000e-01   2.26323236e+03
1.65900000e-01   1.97386724e+03
1.65950000e-01   1.69178951e+03
1.66000000e-01   1.45707079e+03
1.66050000e-01   1.28757783e+03
1.66100000e-01   1.18291443e+03
1.66150000e-01   1.12971299e+03
1.66200000e-01   1.10539945e+03
1.66250000e-01   1.09400003e+03
1.66300000e-01   1.08788850e+03
1.66350000e-01   1.08322929e+03
1.66400000e-01   1.07716979e+03
1.66450000e-01   1.07372360e+03
1.66500000e-01   1.07258393e+03
1.66550000e-01   1.07023642e+03
1.66600000e-01   1.06677840e+03
1.66650000e-01   1.06074919e+03
1.66700000e-01   1.05276447e+03
1.66750000e-01   1.05586201e+03
1.66800000e-01   1.08450014e+03
1.66850000e-01   1.14159382e+03
1.66900000e-01   1.22185059e+03
1.66950000e-01   1.31152837e+03
1.67000000e-01   1.38644638e+03
1.67050000e-01   1.42651155e+03
1.67100000e-01   1.42135046e+03
1.67150000e-01   1.37628143e+03
1.67200000e-01   1.31024751e+03
1.67250000e-01   1.24485079e+03
1.67300000e-01   1.19384421e+03
1.67350000e-01   1.16378119e+03
1.67400000e-01   1.15288002e+03
1.67450000e-01   1.15249946e+03
1.67500000e-01   1.15154757e+03
1.67550000e-01   1.14403573e+03
1.67600000e-01   1.13217914e+03
1.67650000e-01   1.12198739e+03
1.67700000e-01   1.11567752e+03
1.67750000e-01   1.11310840e+03
1.67800000e-01   1.11515491e+03
1.67850000e-01   1.12259760e+03
1.67900000e-01   1.13272642e+03
1.67950000e-01   1.14360544e+03
1.68000000e-01   1.15309275e+03
1.68050000e-01   1.15792936e+03
1.68100000e-01   1.15794226e+03
1.68150000e-01   1.15208031e+03
1.68200000e-01   1.14198367e+03
1.68250000e-01   1.13403311e+03
1.68300000e-01   1.13537812e+03
1.68350000e-01   1.15235506e+03
1.68400000e-01   1.18697020e+03
1.68450000e-01   1.23641832e+03
1.68500000e-01   1.29296976e+03
1.68550000e-01   1.34678903e+03
1.68600000e-01   1.38829893e+03
1.68650000e-01   1.41214442e+03
1.68700000e-01   1.41757092e+03
1.68750000e-01   1.41054615e+03
1.68800000e-01   1.39885322e+03
1.68850000e-01   1.39264882e+03
1.68900000e-01   1.39651561e+03
1.68950000e-01   1.41091549e+03
1.69000000e-01   1.43395611e+03
1.69050000e-01   1.45917294e+03
1.69100000e-01   1.47890865e+03
1.69150000e-01   1.49341311e+03
1.69200000e-01   1.50637114e+03
1.69250000e-01   1.51819048e+03
1.69300000e-01   1.53050855e+03
1.69350000e-01   1.54547974e+03
1.69400000e-01   1.56516699e+03
1.69450000e-01   1.58928504e+03
1.69500000e-01   1.61497395e+03
1.69550000e-01   1.63952303e+03
1.69600000e-01   1.66218701e+03
1.69650000e-01   1.67947057e+03
1.69700000e-01   1.69049795e+03
1.69750000e-01   1.69202016e+03
1.69800000e-01   1.68712073e+03
1.69850000e-01   1.68422149e+03
1.69900000e-01   1.69084362e+03
1.69950000e-01   1.70898186e+03
1.70000000e-01   1.74219255e+03
1.70050000e-01   1.78807116e+03
1.70100000e-01   1.83307227e+03
1.70150000e-01   1.86284242e+03
1.70200000e-01   1.87213769e+03
1.70250000e-01   1.85956741e+03
1.70300000e-01   1.82813855e+03
1.70350000e-01   1.78549074e+03
1.70400000e-01   1.74293829e+03
1.70450000e-01   1.70653766e+03
1.70500000e-01   1.68203891e+03
1.70550000e-01   1.67259016e+03
1.70600000e-01   1.67926962e+03
1.70650000e-01   1.69955112e+03
1.70700000e-01   1.73057930e+03
1.70750000e-01   1.76816187e+03
1.70800000e-01   1.80734412e+03
1.70850000e-01   1.83970191e+03
1.70900000e-01   1.85507543e+03
1.70950000e-01   1.85167652e+03
1.71000000e-01   1.83288144e+03
1.71050000e-01   1.80376009e+03
1.71100000e-01   1.76781782e+03
1.71150000e-01   1.73300956e+03
1.71200000e-01   1.70227926e+03
1.71250000e-01   1.67589739e+03
1.71300000e-01   1.65334712e+03
1.71350000e-01   1.63672034e+03
1.71400000e-01   1.63020091e+03
1.71450000e-01   1.63844129e+03
1.71500000e-01   1.66440592e+03
1.71550000e-01   1.70603516e+03
1.71600000e-01   1.75576703e+03
1.71650000e-01   1.80416375e+03
1.71700000e-01   1.84460971e+03
1.71750000e-01   1.86776915e+03
1.71800000e-01   1.87610562e+03
1.71850000e-01   1.87840460e+03
1.71900000e-01   1.87719944e+03
1.71950000e-01   1.87417722e+03
1.72000000e-01   1.86954535e+03
1.72050000e-01   1.85780969e+03
1.72100000e-01   1.83594309e+03
1.72150000e-01   1.80636503e+03
1.72200000e-01   1.77656288e+03
1.72250000e-01   1.75814872e+03
1.72300000e-01   1.75738667e+03
1.72350000e-01   1.77542061e+03
1.72400000e-01   1.80890378e+03
1.72450000e-01   1.84879437e+03
1.72500000e-01   1.88557329e+03
1.72550000e-01   1.91040558e+03
1.72600000e-01   1.91920955e+03
1.72650000e-01   1.91444310e+03
1.72700000e-01   1.89665925e+03
1.72750000e-01   1.86405108e+03
1.72800000e-01   1.82105344e+03
1.72850000e-01   1.77341997e+03
1.72900000e-01   1.72528714e+03
1.72950000e-01   1.68291171e+03
1.73000000e-01   1.65392709e+03
1.73050000e-01   1.64275105e+03
1.73100000e-01   1.64782142e+03
1.73150000e-01   1.66546088e+03
1.73200000e-01   1.69019247e+03
1.73250000e-01   1.71636799e+03
1.73300000e-01   1.74012455e+03
1.73350000e-01   1.76063758e+03
1.73400000e-01   1.77736250e+03
1.73450000e-01   1.79042371e+03
1.73500000e-01   1.80150470e+03
1.73550000e-01   1.81100256e+03
1.73600000e-01   1.81895324e+03
1.73650000e-01   1.82771096e+03
1.73700000e-01   1.83741909e+03
1.73750000e-01   1.84881235e+03
1.73800000e-01   1.86200272e+03
1.73850000e-01   1.87932135e+03
1.73900000e-01   1.90188499e+03
1.73950000e-01   1.92948744e+03
1.74000000e-01   1.96255241e+03
1.74050000e-01   2.00143839e+03
1.74100000e-01   2.04246158e+03
1.74150000e-01   2.08164026e+03
1.74200000e-01   2.11832321e+03
1.74250000e-01   2.14971170e+03
1.74300000e-01   2.17335249e+03
1.74350000e-01   2.19210463e+03
1.74400000e-01   2.20285712e+03
1.74450000e-01   2.20273646e+03
1.74500000e-01   2.19388062e+03
1.74550000e-01   2.17361336e+03
1.74600000e-01   2.14417251e+03
1.74650000e-01   2.11075455e+03
1.74700000e-01   2.07976112e+03
1.74750000e-01   2.05914532e+03
1.74800000e-01   2.05544096e+03
1.74850000e-01   2.07166742e+03
1.74900000e-01   2.10697165e+03
1.74950000e-01   2.15612239e+03
1.75000000e-01   2.21351722e+03
1.75050000e-01   2.26865502e+03
1.75100000e-01   2.31512117e+03
1.75150000e-01   2.35287397e+03
1.75200000e-01   2.38198270e+03
1.75250000e-01   2.41318616e+03
1.75300000e-01   2.44221584e+03
1.75350000e-01   2.47538667e+03
1.75400000e-01   2.50847025e+03
1.75450000e-01   2.53934400e+03
1.75500000e-01   2.56173658e+03
1.75550000e-01   2.57679968e+03
1.75600000e-01   2.58764774e+03
1.75650000e-01   2.59208877e+03
1.75700000e-01   2.59863784e+03
1.75750000e-01   2.60737380e+03
1.75800000e-01   2.62032037e+03
1.75850000e-01   2.63531478e+03
1.75900000e-01   2.65450379e+03
1.75950000e-01   2.67581613e+03
1.76000000e-01   2.69499188e+03
1.76050000e-01   2.70993235e+03
1.76100000e-01   2.71228079e+03
1.76150000e-01   2.70201823e+03
1.76200000e-01   2.67702861e+03
1.76250000e-01   2.63952736e+03
1.76300000e-01   2.58949670e+03
1.76350000e-01   2.53538453e+03
1.76400000e-01   2.48549131e+03
1.76450000e-01   2.45663126e+03
1.76500000e-01   2.45917587e+03
1.76550000e-01   2.49370174e+03
1.76600000e-01   2.56572283e+03
1.76650000e-01   2.65626793e+03
1.76700000e-01   2.74450093e+03
1.76750000e-01   2.81384858e+03
1.76800000e-01   2.86023331e+03
1.76850000e-01   2.88779401e+03
1.76900000e-01   2.91109099e+03
1.76950000e-01   2.94475821e+03
1.77000000e-01   3.00307257e+03
1.77050000e-01   3.09222893e+03
1.77100000e-01   3.20387478e+03
1.77150000e-01   3.31930645e+03
1.77200000e-01   3.41395061e+03
1.77250000e-01   3.46102915e+03
1.77300000e-01   3.44459306e+03
1.77350000e-01   3.36869022e+03
1.77400000e-01   3.24387776e+03
1.77450000e-01   3.09500219e+03
1.77500000e-01   2.96065876e+03
1.77550000e-01   2.85814665e+03
1.77600000e-01   2.80673392e+03
1.77650000e-01   2.81026357e+03
1.77700000e-01   2.86063747e+03
1.77750000e-01   2.94550133e+03
1.77800000e-01   3.05452036e+03
1.77850000e-01   3.16947956e+03
1.77900000e-01   3.27405211e+03
1.77950000e-01   3.36021850e+03
1.78000000e-01   3.40785887e+03
1.78050000e-01   3.42106134e+03
1.78100000e-01   3.40597298e+03
1.78150000e-01   3.37073515e+03
1.78200000e-01   3.33354087e+03
1.78250000e-01   3.30854474e+03
1.78300000e-01   3.30370874e+03
1.78350000e-01   3.31898093e+03
1.78400000e-01   3.34622017e+03
1.78450000e-01   3.37552733e+03
1.78500000e-01   3.40272155e+03
1.78550000e-01   3.41402459e+03
1.78600000e-01   3.41734307e+03
1.78650000e-01   3.41453913e+03
1.78700000e-01   3.42380840e+03
1.78750000e-01   3.44106313e+03
1.78800000e-01   3.47405503e+03
1.78850000e-01   3.52096012e+03
1.78900000e-01   3.57157541e+03
1.78950000e-01   3.61615673e+03
1.79000000e-01   3.64088736e+03
1.79050000e-01   3.63794954e+03
1.79100000e-01   3.59729615e+03
1.79150000e-01   3.51955971e+03
1.79200000e-01   3.41639704e+03
1.79250000e-01   3.30374017e+03
1.79300000e-01   3.20102648e+03
1.79350000e-01   3.12410555e+03
1.79400000e-01   3.08475510e+03
1.79450000e-01   3.07855656e+03
1.79500000e-01   3.09967503e+03
1.79550000e-01   3.13588130e+03
1.79600000e-01   3.17802358e+03
1.79650000e-01   3.21630209e+03
1.79700000e-01   3.24676906e+03
1.79750000e-01   3.28290620e+03
1.79800000e-01   3.32303138e+03
1.79850000e-01   3.37287573e+03
1.79900000e-01   3.42865241e+03
1.79950000e-01   3.48423461e+03
1.80000000e-01   3.54957971e+03
1.80050000e-01   3.59939024e+03
1.80100000e-01   3.63750965e+03
1.80150000e-01   3.66200034e+03
1.80200000e-01   3.67481637e+03
1.80250000e-01   3.67979146e+03
1.80300000e-01   3.68294520e+03
1.80350000e-01   3.69969990e+03
1.80400000e-01   3.72798372e+03
1.80450000e-01   3.76602925e+03
1.80500000e-01   3.81182802e+03
1.80550000e-01   3.88908429e+03
1.80600000e-01   4.02817769e+03
1.80650000e-01   4.25645843e+03
1.80700000e-01   4.54444658e+03
1.80750000e-01   4.79143087e+03
1.80800000e-01   4.88325248e+03
1.80850000e-01   4.80859824e+03
1.80900000e-01   4.62806726e+03
1.80950000e-01   4.40704056e+03
1.81000000e-01   4.19406925e+03
1.81050000e-01   4.00808875e+03
1.81100000e-01   3.87272224e+03
1.81150000e-01   3.79151971e+03
1.81200000e-01   3.74301887e+03
1.81250000e-01   3.69644037e+03
1.81300000e-01   3.64805510e+03
1.81350000e-01   3.62092844e+03
1.81400000e-01   3.69383558e+03
1.81450000e-01   3.96017214e+03
1.81500000e-01   4.48550844e+03
1.81550000e-01   5.22626237e+03
1.81600000e-01   6.03112228e+03
1.81650000e-01   6.69521327e+03
1.81700000e-01   7.06543837e+03
1.81750000e-01   7.05085418e+03
1.81800000e-01   6.67149700e+03
1.81850000e-01   6.05602323e+03
1.81900000e-01   5.38206012e+03
1.81950000e-01   4.79301684e+03
1.82000000e-01   4.37816362e+03
1.82050000e-01   4.17909145e+03
1.82100000e-01   4.18577049e+03
1.82150000e-01   4.31010818e+03
1.82200000e-01   4.47248225e+03
1.82250000e-01   4.62703878e+03
1.82300000e-01   4.75861492e+03
1.82350000e-01   4.85200911e+03
1.82400000e-01   4.89032443e+03
1.82450000e-01   4.86239342e+03
1.82500000e-01   4.76630308e+03
1.82550000e-01   4.62006787e+03
1.82600000e-01   4.47235883e+03
1.82650000e-01   4.36432102e+03
1.82700000e-01   4.30186844e+03
1.82750000e-01   4.28095966e+03
1.82800000e-01   4.29019009e+03
1.82850000e-01   4.31624721e+03
1.82900000e-01   4.34990543e+03
1.82950000e-01   4.37772380e+03
1.83000000e-01   4.40548536e+03
1.83050000e-01   4.44075377e+03
1.83100000e-01   4.48725327e+03
1.83150000e-01   4.53904647e+03
1.83200000e-01   4.58901889e+03
1.83250000e-01   4.63889418e+03
1.83300000e-01   4.69247704e+03
1.83350000e-01   4.75697534e+03
1.83400000e-01   4.81212217e+03
1.83450000e-01   4.84291286e+03
1.83500000e-01   4.83100029e+03
1.83550000e-01   4.79123017e+03
1.83600000e-01   4.75142455e+03
1.83650000e-01   4.73939757e+03
1.83700000e-01   4.75888730e+03
1.83750000e-01   4.78954592e+03
1.83800000e-01   4.81839786e+03
1.83850000e-01   4.81753734e+03
1.83900000e-01   4.76112704e+03
1.83950000e-01   4.63456030e+03
1.84000000e-01   4.46765794e+03
1.84050000e-01   4.29348177e+03
1.84100000e-01   4.14341516e+03
1.84150000e-01   4.05443018e+03
1.84200000e-01   4.05215421e+03
1.84250000e-01   4.12170567e+03
1.84300000e-01   4.21319738e+03
1.84350000e-01   4.26418237e+03
1.84400000e-01   4.26716456e+03
1.84450000e-01   4.23176817e+03
1.84500000e-01   4.17056028e+03
1.84550000e-01   4.07430092e+03
1.84600000e-01   3.94898914e+03
1.84650000e-01   3.80721148e+03
1.84700000e-01   3.68421569e+03
1.84750000e-01   3.62175270e+03
1.84800000e-01   3.63239520e+03
1.84850000e-01   3.69950165e+03
1.84900000e-01   3.79181466e+03
1.84950000e-01   3.88034093e+03
1.85000000e-01   3.92331995e+03
1.85050000e-01   3.89355738e+03
1.85100000e-01   3.81492166e+03
1.85150000e-01   3.74731419e+03
1.85200000e-01   3.75043646e+03
1.85250000e-01   3.85463417e+03
1.85300000e-01   4.05428675e+03
1.85350000e-01   4.33445231e+03
1.85400000e-01   4.65005659e+03
1.85450000e-01   4.93249703e+03
1.85500000e-01   5.12464927e+03
1.85550000e-01   5.21419837e+03
1.85600000e-01   5.20658260e+03
1.85650000e-01   5.12045923e+03
1.85700000e-01   4.98971481e+03
1.85750000e-01   4.84852626e+03
1.85800000e-01   4.72881272e+03
1.85850000e-01   4.64167776e+03
1.85900000e-01   4.58863092e+03
1.85950000e-01   4.57111128e+03
1.86000000e-01   4.58367113e+03
1.86050000e-01   4.62296701e+03
1.86100000e-01   4.68005142e+03
1.86150000e-01   4.74932030e+03
1.86200000e-01   4.82542459e+03
1.86250000e-01   4.89403569e+03
1.86300000e-01   4.92751463e+03
1.86350000e-01   4.91499202e+03
1.86400000e-01   4.86743193e+03
1.86450000e-01   4.81076468e+03
1.86500000e-01   4.76676023e+03
1.86550000e-01   4.77894929e+03
1.86600000e-01   4.87708112e+03
1.86650000e-01   5.06788516e+03
1.86700000e-01   5.29867764e+03
1.86750000e-01   5.50819964e+03
1.86800000e-01   5.66124187e+03
1.86850000e-01   5.77219517e+03
1.86900000e-01   5.86366548e+03
1.86950000e-01   5.93948498e+03
1.87000000e-01   5.99057478e+03
1.87050000e-01   6.01042343e+03
1.87100000e-01   6.00208211e+03
1.87150000e-01   5.96960100e+03
1.87200000e-01   5.92499890e+03
1.87250000e-01   5.87525271e+03
1.87300000e-01   5.83906863e+03
1.87350000e-01   5.82587239e+03
1.87400000e-01   5.82492081e+03
1.87450000e-01   5.81155299e+03
1.87500000e-01   5.78283042e+03
1.87550000e-01   5.74295967e+03
1.87600000e-01   5.70497848e+03
1.87650000e-01   5.67070259e+03
1.87700000e-01   5.63801383e+03
1.87750000e-01   5.60021237e+03
1.87800000e-01   5.56247316e+03
1.87850000e-01   5.52642070e+03
1.87900000e-01   5.49242572e+03
1.87950000e-01   5.45639849e+03
1.88000000e-01   5.41385208e+03
1.88050000e-01   5.37119246e+03
1.88100000e-01   5.35787710e+03
1.88150000e-01   5.40747387e+03
1.88200000e-01   5.53249487e+03
1.88250000e-01   5.71170626e+03
1.88300000e-01   5.89559620e+03
1.88350000e-01   6.04357027e+03
1.88400000e-01   6.15032211e+03
1.88450000e-01   6.21086031e+03
1.88500000e-01   6.23571110e+03
1.88550000e-01   6.23586568e+03
1.88600000e-01   6.22064544e+03
1.88650000e-01   6.20364545e+03
1.88700000e-01   6.19354757e+03
1.88750000e-01   6.18684641e+03
1.88800000e-01   6.19208972e+03
1.88850000e-01   6.22592919e+03
1.88900000e-01   6.30337601e+03
1.88950000e-01   6.42643523e+03
1.89000000e-01   6.58298955e+03
1.89050000e-01   6.74590567e+03
1.89100000e-01   6.88668050e+03
1.89150000e-01   6.97835691e+03
1.89200000e-01   7.00785843e+03
1.89250000e-01   6.99188423e+03
1.89300000e-01   6.96096276e+03
1.89350000e-01   6.93008534e+03
1.89400000e-01   6.89902051e+03
1.89450000e-01   6.86143215e+03
1.89500000e-01   6.81064960e+03
1.89550000e-01   6.75140257e+03
1.89600000e-01   6.68391186e+03
1.89650000e-01   6.59153021e+03
1.89700000e-01   6.45434260e+03
1.89750000e-01   6.27412578e+03
1.89800000e-01   6.09930515e+03
1.89850000e-01   5.97948193e+03
1.89900000e-01   5.94937473e+03
1.89950000e-01   5.98397971e+03
1.90000000e-01   6.03850191e+03
1.90050000e-01   6.08454732e+03
1.90100000e-01   6.13701800e+03
1.90150000e-01   6.21912975e+03
1.90200000e-01   6.34092882e+03
1.90250000e-01   6.48879351e+03
1.90300000e-01   6.64452353e+03
1.90350000e-01   6.78832856e+03
1.90400000e-01   6.88921677e+03
1.90450000e-01   6.92429567e+03
1.90500000e-01   6.89491392e+03
1.90550000e-01   6.84064939e+03
1.90600000e-01   6.80965926e+03
1.90650000e-01   6.82094126e+03
1.90700000e-01   6.87811067e+03
1.90750000e-01   6.97425966e+03
1.90800000e-01   7.08012848e+03
1.90850000e-01   7.15805807e+03
1.90900000e-01   7.18169348e+03
1.90950000e-01   7.14541674e+03
1.91000000e-01   7.05379651e+03
1.91050000e-01   6.93623887e+03
1.91100000e-01   6.83838525e+03
1.91150000e-01   6.80382673e+03
1.91200000e-01   6.84417650e+03
1.91250000e-01   6.92291664e+03
1.91300000e-01   6.99837608e+03
1.91350000e-01   7.05890202e+03
1.91400000e-01   7.14683284e+03
1.91450000e-01   7.29109636e+03
1.91500000e-01   7.46377735e+03
1.91550000e-01   7.59077511e+03
1.91600000e-01   7.61620488e+03
1.91650000e-01   7.54830032e+03
1.91700000e-01   7.44369475e+03
1.91750000e-01   7.34243963e+03
1.91800000e-01   7.28781128e+03
1.91850000e-01   7.30349625e+03
1.91900000e-01   7.40105770e+03
1.91950000e-01   7.55742170e+03
1.92000000e-01   7.73288342e+03
1.92050000e-01   7.89039579e+03
1.92100000e-01   7.99167420e+03
1.92150000e-01   8.00228713e+03
1.92200000e-01   7.92638626e+03
1.92250000e-01   7.80612475e+03
1.92300000e-01   7.69213486e+03
1.92350000e-01   7.60071233e+03
1.92400000e-01   7.53180476e+03
1.92450000e-01   7.48021377e+03
1.92500000e-01   7.44114084e+03
1.92550000e-01   7.40913110e+03
1.92600000e-01   7.38339034e+03
1.92650000e-01   7.37205892e+03
1.92700000e-01   7.38880953e+03
1.92750000e-01   7.42773100e+03
1.92800000e-01   7.42096064e+03
1.92850000e-01   7.30540809e+03
1.92900000e-01   7.05640301e+03
1.92950000e-01   6.70391354e+03
1.93000000e-01   6.29608472e+03
1.93050000e-01   5.88427176e+03
1.93100000e-01   5.53604321e+03
1.93150000e-01   5.30130641e+03
1.93200000e-01   5.19041507e+03
1.93250000e-01   5.17650489e+03
1.93300000e-01   5.22797603e+03
1.93350000e-01   5.28874516e+03
1.93400000e-01   5.29934189e+03
1.93450000e-01   5.22167378e+03
1.93500000e-01   5.09136423e+03
1.93550000e-01   4.96371178e+03
1.93600000e-01   4.90284119e+03
1.93650000e-01   4.96130970e+03
1.93700000e-01   5.19657204e+03
1.93750000e-01   5.61089981e+03
1.93800000e-01   6.12342334e+03
1.93850000e-01   6.63134240e+03
1.93900000e-01   7.07797750e+03
1.93950000e-01   7.45575488e+03
1.94000000e-01   7.79078843e+03
1.94050000e-01   8.09695566e+03
1.94100000e-01   8.40868354e+03
1.94150000e-01   8.74027047e+03
1.94200000e-01   9.05569411e+03
1.94250000e-01   9.29223848e+03
1.94300000e-01   9.40595904e+03
1.94350000e-01   9.39115548e+03
1.94400000e-01   9.27572895e+03
1.94450000e-01   9.10327529e+03
1.94500000e-01   8.92523126e+03
1.94550000e-01   8.80332640e+03
1.94600000e-01   8.76514224e+03
1.94650000e-01   8.82724242e+03
1.94700000e-01   8.99043688e+03
1.94750000e-01   9.21708473e+03
1.94800000e-01   9.41502733e+03
1.94850000e-01   9.49787975e+03
1.94900000e-01   9.43954468e+03
1.94950000e-01   9.26543966e+03
1.95000000e-01   9.00774562e+03
1.95050000e-01   8.71966899e+03
1.95100000e-01   8.44531191e+03
1.95150000e-01   8.23637958e+03
1.95200000e-01   8.12998746e+03
1.95250000e-01   8.14838725e+03
1.95300000e-01   8.28724416e+03
1.95350000e-01   8.48420969e+03
1.95400000e-01   8.64079084e+03
1.95450000e-01   8.70965555e+03
1.95500000e-01   8.71522882e+03
1.95550000e-01   8.71051512e+03
1.95600000e-01   8.72149329e+03
1.95650000e-01   8.73821920e+03
1.95700000e-01   8.73035411e+03
1.95750000e-01   8.71058653e+03
1.95800000e-01   8.71125548e+03
1.95850000e-01   8.75939053e+03
1.95900000e-01   8.82464284e+03
1.95950000e-01   8.84760207e+03
1.96000000e-01   8.79029405e+03
1.96050000e-01   8.66411863e+03
1.96100000e-01   8.50952495e+03
1.96150000e-01   8.37099027e+03
1.96200000e-01   8.29313631e+03
1.96250000e-01   8.30372966e+03
1.96300000e-01   8.41940500e+03
1.96350000e-01   8.62416044e+03
1.96400000e-01   8.89611698e+03
1.96450000e-01   9.19952793e+03
1.96500000e-01   9.49796525e+03
1.96550000e-01   9.75851358e+03
1.96600000e-01   9.96303633e+03
1.96650000e-01   1.01133835e+04
1.96700000e-01   1.02124645e+04
1.96750000e-01   1.02754041e+04
1.96800000e-01   1.02933798e+04
1.96850000e-01   1.02679384e+04
1.96900000e-01   1.01890790e+04
1.96950000e-01   1.00549155e+04
1.97000000e-01   9.86649012e+03
1.97050000e-01   9.67396087e+03
1.97100000e-01   9.52672716e+03
1.97150000e-01   9.45574539e+03
1.97200000e-01   9.42534108e+03
1.97250000e-01   9.39378257e+03
1.97300000e-01   9.33841744e+03
1.97350000e-01   9.27764480e+03
1.97400000e-01   9.22773245e+03
1.97450000e-01   9.18516130e+03
1.97500000e-01   9.14251921e+03
1.97550000e-01   9.09462934e+03
1.97600000e-01   9.03811658e+03
1.97650000e-01   8.98492860e+03
1.97700000e-01   8.94938340e+03
1.97750000e-01   8.92487178e+03
1.97800000e-01   8.89615552e+03
1.97850000e-01   8.85539502e+03
1.97900000e-01   8.83756479e+03
1.97950000e-01   8.88530229e+03
1.98000000e-01   9.01121114e+03
1.98050000e-01   9.17728267e+03
1.98100000e-01   9.33734945e+03
1.98150000e-01   9.45466155e+03
1.98200000e-01   9.51259756e+03
1.98250000e-01   9.49061570e+03
1.98300000e-01   9.40289225e+03
1.98350000e-01   9.29768674e+03
1.98400000e-01   9.21605376e+03
1.98450000e-01   9.14719458e+03
1.98500000e-01   9.05192457e+03
1.98550000e-01   8.89021661e+03
1.98600000e-01   8.67725684e+03
1.98650000e-01   8.46958843e+03
1.98700000e-01   8.30882326e+03
1.98750000e-01   8.21429356e+03
1.98800000e-01   8.17753781e+03
1.98850000e-01   8.18623103e+03
1.98900000e-01   8.23119567e+03
1.98950000e-01   8.29811654e+03
1.99000000e-01   8.37972674e+03
1.99050000e-01   8.50428181e+03
1.99100000e-01   8.68760784e+03
1.99150000e-01   8.92733486e+03
1.99200000e-01   9.18336341e+03
1.99250000e-01   9.41254545e+03
1.99300000e-01   9.58438260e+03
1.99350000e-01   9.68189554e+03
1.99400000e-01   9.68491485e+03
1.99450000e-01   9.60663710e+03
1.99500000e-01   9.47368039e+03
1.99550000e-01   9.32327807e+03
1.99600000e-01   9.18742822e+03
1.99650000e-01   9.08612141e+03
1.99700000e-01   9.03825130e+03
1.99750000e-01   9.04724172e+03
1.99800000e-01   9.09997721e+03
1.99850000e-01   9.17499825e+03
1.99900000e-01   9.24193999e+03
1.99950000e-01   9.26730154e+03
2.00000000e-01   9.24852963e+03
2.00050000e-01   9.23633154e+03
2.00100000e-01   9.28298709e+03
2.00150000e-01   9.39315382e+03
2.00225000e-01   9.52836635e+03
2.00275000e-01   9.57143610e+03
2.00325000e-01   9.60827663e+03
2.00375000e-01   9.61127561e+03
2.00425000e-01   9.55222948e+03
2.00475000e-01   9.50034972e+03
2.00525000e-01   9.55368385e+03
2.00575000e-01   9.69834960e+03
2.00625000e-01   9.78939349e+03
2.00675000e-01   9.77693122e+03
2.00725000e-01   9.67232870e+03
2.00775000e-01   9.58412657e+03
2.00825000e-01   9.58743417e+03
2.00875000e-01   9.64416434e+03
2.00925000e-01   9.72343132e+03
2.00975000e-01   9.80803969e+03
2.01025000e-01   9.83952431e+03
2.01075000e-01   9.77055046e+03
2.01125000e-01   9.65515128e+03
2.01175000e-01   9.63953736e+03
2.01225000e-01   9.80152993e+03
2.01275000e-01   1.00173282e+04
2.01325000e-01   1.01458672e+04
2.01375000e-01   1.01659888e+04
2.01425000e-01   1.00794473e+04
2.01475000e-01   9.96337544e+03
2.01525000e-01   9.90900654e+03
2.01575000e-01   9.88458918e+03
2.01625000e-01   9.88428918e+03
2.01675000e-01   9.97591158e+03
2.01725000e-01   1.01402109e+04
2.01775000e-01   1.02745980e+04
2.01825000e-01   1.03434398e+04
2.01875000e-01   1.03084121e+04
2.01925000e-01   1.01930196e+04
2.01975000e-01   1.01146447e+04
2.02025000e-01   1.00788721e+04
2.02075000e-01   1.00190873e+04
2.02125000e-01   9.89376373e+03
2.02175000e-01   9.72082060e+03
2.02225000e-01   9.61353095e+03
2.02275000e-01   9.66575873e+03
2.02325000e-01   9.83800219e+03
2.02375000e-01   9.96309757e+03
2.02425000e-01   9.92554670e+03
2.02475000e-01   9.75095697e+03
2.02525000e-01   9.45700417e+03
2.02575000e-01   9.08801411e+03
2.02625000e-01   8.84916016e+03
2.02675000e-01   8.89697473e+03
2.02725000e-01   9.21612013e+03
2.02775000e-01   9.66649421e+03
2.02825000e-01   9.96141939e+03
2.02875000e-01   1.00487693e+04
2.02925000e-01   1.00576378e+04
2.02975000e-01   1.00589827e+04
2.03025000e-01   1.01380009e+04
2.03075000e-01   1.02973506e+04
2.03125000e-01   1.04653364e+04
2.03175000e-01   1.05777948e+04
2.03225000e-01   1.05546250e+04
2.03275000e-01   1.03736682e+04
2.03325000e-01   1.01062552e+04
2.03375000e-01   9.86411000e+03
2.03425000e-01   9.72867186e+03
2.03475000e-01   9.73800182e+03
2.03525000e-01   9.89028799e+03
2.03575000e-01   1.01124721e+04
2.03625000e-01   1.03040823e+04
2.03675000e-01   1.03829171e+04
2.03725000e-01   1.03446734e+04
2.03775000e-01   1.02636076e+04
2.03825000e-01   1.01429811e+04
2.03875000e-01   1.00495954e+04
2.03925000e-01   9.92871017e+03
2.03975000e-01   9.89421784e+03
2.04025000e-01   9.97988369e+03
2.04075000e-01   1.02058507e+04
2.04125000e-01   1.04731832e+04
2.04175000e-01   1.07011774e+04
2.04225000e-01   1.08731451e+04
2.04275000e-01   1.09721455e+04
2.04325000e-01   1.09409018e+04
2.04375000e-01   1.07998009e+04
2.04425000e-01   1.06437843e+04
2.04475000e-01   1.05643898e+04
2.04525000e-01   1.06287093e+04
2.04575000e-01   1.08104136e+04
2.04625000e-01   1.09693333e+04
2.04675000e-01   1.09783508e+04
2.04725000e-01   1.08331067e+04
2.04775000e-01   1.06422323e+04
2.04825000e-01   1.05509950e+04
2.04875000e-01   1.05868191e+04
2.04925000e-01   1.06340021e+04
2.04975000e-01   1.06369184e+04
2.05025000e-01   1.06679464e+04
2.05075000e-01   1.07100483e+04
2.05125000e-01   1.07035594e+04
2.05175000e-01   1.06763424e+04
2.05225000e-01   1.06892613e+04
2.05275000e-01   1.07363670e+04
2.05325000e-01   1.07656254e+04
2.05375000e-01   1.07368150e+04
2.05425000e-01   1.06252023e+04
2.05475000e-01   1.04619164e+04
2.05525000e-01   1.02804611e+04
2.05575000e-01   1.01045853e+04
2.05625000e-01   1.00617280e+04
2.05675000e-01   1.01559123e+04
2.05725000e-01   1.02379784e+04
2.05775000e-01   1.01998534e+04
2.05825000e-01   1.00274386e+04
2.05875000e-01   9.92036781e+03
2.05925000e-01   9.99589073e+03
2.05975000e-01   1.01329896e+04
2.06025000e-01   1.02347433e+04
2.06075000e-01   1.02257228e+04
2.06125000e-01   1.00598394e+04
2.06175000e-01   9.80900575e+03
2.06225000e-01   9.64220780e+03
2.06275000e-01   9.68674952e+03
2.06325000e-01   9.87137720e+03
2.06375000e-01   1.00158710e+04
2.06425000e-01   1.00863557e+04
2.06475000e-01   1.01591658e+04
2.06525000e-01   1.01735329e+04
2.06575000e-01   1.00841904e+04
2.06625000e-01   1.00268224e+04
2.06675000e-01   1.01047655e+04
2.06725000e-01   1.02474581e+04
2.06775000e-01   1.03293286e+04
2.06825000e-01   1.03126868e+04
2.06875000e-01   1.02600460e+04
2.06925000e-01   1.02273755e+04
2.06975000e-01   1.02656534e+04
2.07025000e-01   1.03581881e+04
2.07075000e-01   1.04378628e+04
2.07125000e-01   1.05052463e+04
2.07175000e-01   1.05296591e+04
2.07225000e-01   1.04995389e+04
2.07275000e-01   1.05194617e+04
2.07325000e-01   1.06015403e+04
2.07375000e-01   1.06944571e+04
2.07425000e-01   1.07560175e+04
2.07475000e-01   1.07620579e+04
2.07525000e-01   1.07463967e+04
2.07575000e-01   1.07601368e+04
2.07625000e-01   1.07903857e+04
2.07675000e-01   1.07960913e+04
2.07725000e-01   1.07470673e+04
2.07775000e-01   1.06308182e+04
2.07825000e-01   1.05275127e+04
2.07875000e-01   1.04692708e+04
2.07925000e-01   1.04831147e+04
2.07975000e-01   1.05607840e+04
2.08025000e-01   1.05934765e+04
2.08075000e-01   1.05174816e+04
2.08125000e-01   1.03878203e+04
2.08175000e-01   1.03084900e+04
2.08225000e-01   1.02783718e+04
2.08275000e-01   1.03006162e+04
2.08325000e-01   1.04303110e+04
2.08375000e-01   1.05056688e+04
2.08425000e-01   1.04228336e+04
2.08475000e-01   1.04131530e+04
2.08525000e-01   1.06734775e+04
2.08575000e-01   1.10896569e+04
2.08625000e-01   1.14310034e+04
2.08675000e-01   1.16112945e+04
2.08725000e-01   1.17001599e+04
2.08775000e-01   1.19504174e+04
2.08825000e-01   1.22584766e+04
2.08875000e-01   1.23458338e+04
2.08925000e-01   1.21501616e+04
2.08975000e-01   1.18757609e+04
2.09025000e-01   1.18177813e+04
2.09075000e-01   1.19378858e+04
2.09125000e-01   1.21479511e+04
2.09175000e-01   1.23676804e+04
2.09225000e-01   1.28145904e+04
2.09275000e-01   1.35545136e+04
2.09325000e-01   1.40353565e+04
2.09375000e-01   1.37890895e+04
2.09425000e-01   1.31409916e+04
2.09475000e-01   1.29707622e+04
2.09525000e-01   1.34292541e+04
2.09575000e-01   1.40295643e+04
2.09625000e-01   1.43495664e+04
2.09675000e-01   1.43415617e+04
2.09725000e-01   1.44915031e+04
2.09775000e-01   1.49048656e+04
2.09825000e-01   1.52356126e+04
2.09875000e-01   1.51105210e+04
2.09925000e-01   1.45763354e+04
2.09975000e-01   1.40366806e+04
2.10025000e-01   1.38565613e+04
2.10075000e-01   1.44055932e+04
2.10125000e-01   1.56974962e+04
2.10175000e-01   1.68469297e+04
2.10225000e-01   1.71857680e+04
2.10275000e-01   1.63497593e+04
2.10325000e-01   1.49085983e+04
2.10375000e-01   1.43468276e+04
2.10425000e-01   1.48094241e+04
2.10475000e-01   1.59917089e+04
2.10525000e-01   1.74003964e+04
2.10575000e-01   1.81890256e+04
2.10625000e-01   1.80707859e+04
2.10675000e-01   1.75867253e+04
2.10725000e-01   1.71685800e+04
2.10775000e-01   1.67330489e+04
2.10825000e-01   1.59430593e+04
2.10875000e-01   1.49084995e+04
2.10925000e-01   1.41356812e+04
2.10975000e-01   1.38571370e+04
2.11025000e-01   1.41197531e+04
2.11075000e-01   1.47370587e+04
2.11125000e-01   1.58564340e+04
2.11175000e-01   1.73049896e+04
2.11225000e-01   1.81417089e+04
2.11275000e-01   1.79688137e+04
2.11325000e-01   1.72028681e+04
2.11375000e-01   1.64326336e+04
2.11425000e-01   1.59096509e+04
2.11475000e-01   1.55001830e+04
2.11525000e-01   1.54278689e+04
2.11575000e-01   1.61887037e+04
2.11625000e-01   1.74946972e+04
2.11675000e-01   1.86252178e+04
2.11725000e-01   1.91292171e+04
2.11775000e-01   1.89281564e+04
2.11825000e-01   1.80587759e+04
2.11875000e-01   1.72888905e+04
2.11925000e-01   1.74696945e+04
2.11975000e-01   1.82947017e+04
2.12025000e-01   1.90929778e+04
2.12075000e-01   1.88678528e+04
2.12125000e-01   1.76181622e+04
2.12175000e-01   1.62603911e+04
2.12225000e-01   1.50811976e+04
2.12275000e-01   1.40425953e+04
2.12325000e-01   1.28827946e+04
2.12375000e-01   1.17339033e+04
2.12425000e-01   1.09536973e+04
2.12475000e-01   1.07678014e+04
2.12525000e-01   1.13194167e+04
2.12575000e-01   1.23389651e+04
2.12625000e-01   1.34320553e+04
2.12675000e-01   1.43807251e+04
2.12725000e-01   1.49052508e+04
2.12775000e-01   1.50912431e+04
2.12825000e-01   1.51429223e+04
2.12875000e-01   1.51146778e+04
2.12925000e-01   1.48871874e+04
2.12975000e-01   1.42687545e+04
2.13025000e-01   1.35201001e+04
2.13075000e-01   1.31422954e+04
2.13125000e-01   1.33085927e+04
2.13175000e-01   1.37588100e+04
2.13225000e-01   1.39859266e+04
2.13275000e-01   1.40363989e+04
2.13325000e-01   1.42724219e+04
2.13375000e-01   1.45877231e+04
2.13425000e-01   1.45578578e+04
2.13475000e-01   1.41786594e+04
2.13525000e-01   1.39619430e+04
2.13575000e-01   1.42409566e+04
2.13625000e-01   1.50450124e+04
2.13675000e-01   1.60870936e+04
2.13725000e-01   1.69871871e+04
2.13775000e-01   1.71390158e+04
2.13825000e-01   1.60361914e+04
2.13875000e-01   1.48079233e+04
2.13925000e-01   1.45962394e+04
2.13975000e-01   1.50199786e+04
2.14025000e-01   1.60439435e+04
2.14075000e-01   1.78478770e+04
2.14125000e-01   1.97132675e+04
2.14175000e-01   2.05837419e+04
2.14225000e-01   2.04068071e+04
2.14275000e-01   2.01123053e+04
2.14325000e-01   2.01826715e+04
2.14375000e-01   2.03172576e+04
2.14425000e-01   2.01958780e+04
2.14475000e-01   1.96671970e+04
2.14525000e-01   1.88198075e+04
2.14575000e-01   1.79366232e+04
2.14625000e-01   1.73684110e+04
2.14675000e-01   1.71715700e+04
2.14725000e-01   1.72514076e+04
2.14775000e-01   1.75115849e+04
2.14825000e-01   1.79025148e+04
2.14875000e-01   1.83783679e+04
2.14925000e-01   1.88240766e+04
2.14975000e-01   1.89638692e+04
2.15025000e-01   1.83815275e+04
2.15075000e-01   1.72445969e+04
2.15125000e-01   1.62556239e+04
2.15175000e-01   1.61794240e+04
2.15225000e-01   1.66920157e+04
2.15275000e-01   1.72894400e+04
2.15325000e-01   1.80417241e+04
2.15375000e-01   1.86030718e+04
2.15425000e-01   1.84884843e+04
2.15475000e-01   1.78420221e+04
2.15525000e-01   1.71743200e+04
2.15575000e-01   1.65698188e+04
2.15625000e-01   1.58853853e+04
2.15675000e-01   1.51040906e+04
2.15725000e-01   1.42548280e+04
2.15775000e-01   1.35056979e+04
2.15825000e-01   1.30696851e+04
2.15875000e-01   1.29532598e+04
2.15925000e-01   1.32076842e+04
2.15975000e-01   1.40266056e+04
2.16025000e-01   1.53313734e+04
2.16075000e-01   1.64485924e+04
2.16125000e-01   1.69741504e+04
2.16175000e-01   1.69046702e+04
2.16225000e-01   1.65601430e+04
2.16275000e-01   1.64242300e+04
2.16325000e-01   1.64641231e+04
2.16375000e-01   1.63998750e+04
2.16425000e-01   1.60747825e+04
2.16475000e-01   1.57129662e+04
2.16525000e-01   1.53156431e+04
2.16575000e-01   1.45582589e+04
2.16625000e-01   1.34411215e+04
2.16675000e-01   1.24313452e+04
2.16725000e-01   1.21121245e+04
2.16775000e-01   1.25524744e+04
2.16825000e-01   1.32660709e+04
2.16875000e-01   1.37886175e+04
2.16925000e-01   1.37014546e+04
2.16975000e-01   1.34383959e+04
2.17025000e-01   1.36535915e+04
2.17075000e-01   1.43011781e+04
2.17125000e-01   1.49605540e+04
2.17175000e-01   1.52854445e+04
2.17225000e-01   1.55723169e+04
2.17275000e-01   1.58546457e+04
2.17325000e-01   1.57745923e+04
2.17375000e-01   1.51888009e+04
2.17425000e-01   1.45186728e+04
2.17475000e-01   1.40432503e+04
2.17525000e-01   1.38891325e+04
2.17575000e-01   1.43759985e+04
2.17625000e-01   1.51908677e+04
2.17675000e-01   1.57105321e+04
2.17725000e-01   1.57118434e+04
2.17775000e-01   1.52799475e+04
2.17825000e-01   1.51615065e+04
2.17875000e-01   1.60246422e+04
2.17925000e-01   1.76488791e+04
2.17975000e-01   1.94431168e+04
2.18025000e-01   2.08036402e+04
2.18075000e-01   2.14905117e+04
2.18125000e-01   2.18508543e+04
2.18175000e-01   2.23740463e+04
2.18225000e-01   2.30203842e+04
2.18275000e-01   2.32876721e+04
2.18325000e-01   2.28159145e+04
2.18375000e-01   2.17982858e+04
2.18425000e-01   2.06070621e+04
2.18475000e-01   2.02126093e+04
2.18525000e-01   2.08154095e+04
2.18575000e-01   2.13912963e+04
2.18625000e-01   2.11866254e+04
2.18675000e-01   1.97683269e+04
2.18725000e-01   1.81627088e+04
2.18775000e-01   1.77911860e+04
2.18825000e-01   1.85337158e+04
2.18875000e-01   1.94279389e+04
2.18925000e-01   1.96393923e+04
2.18975000e-01   1.95986092e+04
2.19025000e-01   1.99212614e+04
2.19075000e-01   2.03659818e+04
2.19125000e-01   2.03271936e+04
2.19175000e-01   2.00152343e+04
2.19225000e-01   2.00947984e+04
2.19275000e-01   2.11586854e+04
2.19325000e-01   2.30486230e+04
2.19375000e-01   2.42687854e+04
2.19425000e-01   2.40524018e+04
2.19475000e-01   2.28860439e+04
2.19525000e-01   2.13624991e+04
2.19575000e-01   2.00621564e+04
2.19625000e-01   1.95994449e+04
2.19675000e-01   2.00661547e+04
2.19725000e-01   2.12292222e+04
2.19775000e-01   2.27285084e+04
2.19825000e-01   2.40054523e+04
2.19875000e-01   2.46548963e+04
2.19925000e-01   2.45825524e+04
2.19975000e-01   2.37574594e+04
2.20025000e-01   2.22486409e+04
2.20075000e-01   2.06242862e+04
2.20125000e-01   1.98647741e+04
2.20175000e-01   2.04773899e+04
2.20225000e-01   2.22217009e+04
2.20275000e-01   2.40218132e+04
2.20325000e-01   2.52558517e+04
2.20375000e-01   2.60213970e+04
2.20425000e-01   2.59801578e+04
2.20475000e-01   2.52076941e+04
2.20525000e-01   2.45831722e+04
2.20575000e-01   2.43063566e+04
2.20625000e-01   2.34602662e+04
2.20675000e-01   2.21178297e+04
2.20725000e-01   2.09934643e+04
2.20775000e-01   2.00446814e+04
2.20825000e-01   1.90812574e+04
2.20875000e-01   1.84408703e+04
2.20925000e-01   1.84463890e+04
2.20975000e-01   1.82985496e+04
2.21025000e-01   1.73259220e+04
2.21075000e-01   1.59308560e+04
2.21125000e-01   1.48912675e+04
2.21175000e-01   1.47069215e+04
2.21225000e-01   1.53277415e+04
2.21275000e-01   1.67213871e+04
2.21325000e-01   1.84956480e+04
2.21375000e-01   1.96552827e+04
2.21425000e-01   1.98238622e+04
2.21475000e-01   1.96576325e+04
2.21525000e-01   1.96489423e+04
2.21575000e-01   1.94102240e+04
2.21625000e-01   1.84794248e+04
2.21675000e-01   1.71429929e+04
2.21725000e-01   1.61496185e+04
2.21775000e-01   1.59881278e+04
2.21825000e-01   1.65795244e+04
2.21875000e-01   1.78286050e+04
2.21925000e-01   1.96379638e+04
2.21975000e-01   2.13646125e+04
2.22025000e-01   2.23875242e+04
2.22075000e-01   2.29308197e+04
2.22125000e-01   2.34027046e+04
2.22175000e-01   2.39448275e+04
2.22225000e-01   2.40651774e+04
2.22275000e-01   2.35718874e+04
2.22325000e-01   2.30125963e+04
2.22375000e-01   2.30159052e+04
2.22425000e-01   2.35193231e+04
2.22475000e-01   2.37401069e+04
2.22525000e-01   2.37898948e+04
2.22575000e-01   2.39822493e+04
2.22625000e-01   2.40879587e+04
2.22675000e-01   2.38924154e+04
2.22725000e-01   2.35593462e+04
2.22775000e-01   2.35391214e+04
2.22825000e-01   2.41980933e+04
2.22875000e-01   2.54190702e+04
2.22925000e-01   2.63474580e+04
2.22975000e-01   2.66204073e+04
2.23025000e-01   2.64638061e+04
2.23075000e-01   2.59269207e+04
2.23125000e-01   2.55875559e+04
2.23175000e-01   2.61933311e+04
2.23225000e-01   2.77221518e+04
2.23275000e-01   3.01457480e+04
2.23325000e-01   3.28480474e+04
2.23375000e-01   3.44530398e+04
2.23425000e-01   3.45869972e+04
2.23475000e-01   3.41381506e+04
2.23525000e-01   3.41288833e+04
2.23575000e-01   3.45605728e+04
2.23625000e-01   3.45891111e+04
2.23675000e-01   3.39592878e+04
2.23725000e-01   3.29600561e+04
2.23775000e-01   3.17631364e+04
2.23825000e-01   3.06155765e+04
2.23875000e-01   2.99168555e+04
2.23925000e-01   3.01471320e+04
2.23975000e-01   3.12312331e+04
2.24025000e-01   3.18629235e+04
2.24075000e-01   3.12631373e+04
2.24125000e-01   3.01038342e+04
2.24175000e-01   2.89652673e+04
2.24225000e-01   2.82497770e+04
2.24275000e-01   2.79100658e+04
2.24325000e-01   2.75636401e+04
2.24375000e-01   2.71794154e+04
2.24425000e-01   2.67474822e+04
2.24475000e-01   2.67039624e+04
2.24525000e-01   2.73184690e+04
2.24575000e-01   2.85914937e+04
2.24625000e-01   2.97374170e+04
2.24675000e-01   3.02596998e+04
2.24725000e-01   3.07058454e+04
2.24775000e-01   3.11635288e+04
2.24825000e-01   3.14331858e+04
2.24875000e-01   3.04207337e+04
2.24925000e-01   2.86647657e+04
2.24975000e-01   2.75443962e+04
2.25025000e-01   2.70615221e+04
2.25075000e-01   2.68963329e+04
2.25125000e-01   2.65354309e+04
2.25175000e-01   2.64130299e+04
2.25225000e-01   2.68975872e+04
2.25275000e-01   2.74008215e+04
2.25325000e-01   2.70136583e+04
2.25375000e-01   2.58768886e+04
2.25425000e-01   2.50438354e+04
2.25475000e-01   2.51414378e+04
2.25525000e-01   2.55744916e+04
2.25575000e-01   2.52764292e+04
2.25625000e-01   2.44425903e+04
2.25675000e-01   2.39609883e+04
2.25725000e-01   2.42650429e+04
2.25775000e-01   2.46311731e+04
2.25825000e-01   2.45508526e+04
2.25875000e-01   2.44453445e+04
2.25925000e-01   2.44275636e+04
2.25975000e-01   2.35753605e+04
2.26025000e-01   2.20391445e+04
2.26075000e-01   2.10057936e+04
2.26125000e-01   2.08634295e+04
2.26175000e-01   2.14475929e+04
2.26225000e-01   2.19780964e+04
2.26275000e-01   2.18764944e+04
2.26325000e-01   2.11888742e+04
2.26375000e-01   2.01178466e+04
2.26425000e-01   1.91854181e+04
2.26475000e-01   1.83707386e+04
2.26525000e-01   1.75761799e+04
2.26575000e-01   1.70680241e+04
2.26625000e-01   1.68661666e+04
2.26675000e-01   1.67661513e+04
2.26725000e-01   1.64937672e+04
2.26775000e-01   1.61951434e+04
2.26825000e-01   1.59972932e+04
2.26875000e-01   1.57812708e+04
2.26925000e-01   1.55580834e+04
2.26975000e-01   1.53682069e+04
2.27025000e-01   1.52813735e+04
2.27075000e-01   1.53691635e+04
2.27125000e-01   1.55109118e+04
2.27175000e-01   1.56977941e+04
2.27225000e-01   1.59706481e+04
2.27275000e-01   1.63642116e+04
2.27325000e-01   1.67115549e+04
2.27375000e-01   1.68557223e+04
2.27425000e-01   1.68671176e+04
2.27475000e-01   1.71519275e+04
2.27525000e-01   1.76952252e+04
2.27575000e-01   1.79465166e+04
2.27625000e-01   1.80579471e+04
2.27675000e-01   1.86216535e+04
2.27725000e-01   1.95719494e+04
2.27775000e-01   2.03771987e+04
2.27825000e-01   2.09288383e+04
2.27875000e-01   2.14894660e+04
2.27925000e-01   2.19676469e+04
2.27975000e-01   2.21632215e+04
2.28025000e-01   2.24542313e+04
2.28075000e-01   2.32682971e+04
2.28125000e-01   2.46847892e+04
2.28175000e-01   2.61388401e+04
2.28225000e-01   2.69868031e+04
2.28275000e-01   2.71876429e+04
2.28325000e-01   2.65491368e+04
2.28375000e-01   2.56458100e+04
2.28425000e-01   2.56193979e+04
2.28475000e-01   2.63876716e+04
2.28525000e-01   2.71999279e+04
2.28575000e-01   2.75569533e+04
2.28625000e-01   2.68227108e+04
2.28675000e-01   2.51502900e+04
2.28725000e-01   2.35323040e+04
2.28775000e-01   2.28051267e+04
2.28825000e-01   2.34677709e+04
2.28875000e-01   2.45135564e+04
2.28925000e-01   2.47498121e+04
2.28975000e-01   2.41122593e+04
2.29025000e-01   2.31190562e+04
2.29075000e-01   2.25748898e+04
2.29125000e-01   2.26049127e+04
2.29175000e-01   2.27861999e+04
2.29225000e-01   2.30378664e+04
2.29275000e-01   2.33513593e+04
2.29325000e-01   2.36391973e+04
2.29375000e-01   2.37965591e+04
2.29425000e-01   2.37509814e+04
2.29475000e-01   2.37276862e+04
2.29525000e-01   2.42667486e+04
2.29575000e-01   2.51282478e+04
2.29625000e-01   2.53724465e+04
2.29675000e-01   2.38705150e+04
2.29725000e-01   2.16755295e+04
2.29775000e-01   2.03191836e+04
2.29825000e-01   1.97106600e+04
2.29875000e-01   1.96961792e+04
2.29925000e-01   2.01627224e+04
2.29975000e-01   2.07079402e+04
2.30025000e-01   2.10387817e+04
2.30075000e-01   2.13719201e+04
2.30125000e-01   2.19874145e+04
2.30175000e-01   2.28810729e+04
2.30225000e-01   2.36867305e+04
2.30275000e-01   2.39118975e+04
2.30325000e-01   2.33423286e+04
2.30375000e-01   2.30338366e+04
2.30425000e-01   2.36334337e+04
2.30475000e-01   2.46037098e+04
2.30525000e-01   2.62027642e+04
2.30575000e-01   2.85951680e+04
2.30625000e-01   3.04729824e+04
2.30675000e-01   3.10146781e+04
2.30725000e-01   3.06771511e+04
2.30775000e-01   2.97277171e+04
2.30825000e-01   2.86051423e+04
2.30875000e-01   2.77141240e+04
2.30925000e-01   2.64726864e+04
2.30975000e-01   2.49389528e+04
2.31025000e-01   2.38835909e+04
2.31075000e-01   2.31397966e+04
2.31125000e-01   2.22771486e+04
2.31175000e-01   2.14997651e+04
2.31225000e-01   2.10119188e+04
2.31275000e-01   2.08459886e+04
2.31325000e-01   2.08948929e+04
2.31375000e-01   2.11068939e+04
2.31425000e-01   2.19842846e+04
2.31475000e-01   2.39621932e+04
2.31525000e-01   2.61018483e+04
2.31575000e-01   2.73001046e+04
2.31625000e-01   2.73525892e+04
2.31675000e-01   2.67174903e+04
2.31725000e-01   2.63005456e+04
2.31775000e-01   2.63074048e+04
2.31825000e-01   2.65955399e+04
2.31875000e-01   2.69458931e+04
2.31925000e-01   2.67139544e+04
2.31975000e-01   2.55888075e+04
2.32025000e-01   2.40922548e+04
2.32075000e-01   2.29795368e+04
2.32125000e-01   2.28751698e+04
2.32175000e-01   2.33414900e+04
2.32225000e-01   2.42749085e+04
2.32275000e-01   2.62548280e+04
2.32325000e-01   2.92973036e+04
2.32375000e-01   3.18058912e+04
2.32425000e-01   3.24944516e+04
2.32475000e-01   3.15783999e+04
2.32525000e-01   2.91873168e+04
2.32575000e-01   2.62500677e+04
2.32625000e-01   2.42163585e+04
2.32675000e-01   2.33915196e+04
2.32725000e-01   2.32577394e+04
2.32775000e-01   2.35939332e+04
2.32825000e-01   2.45289382e+04
2.32875000e-01   2.59989451e+04
2.32925000e-01   2.72877021e+04
2.32975000e-01   2.78054829e+04
2.33025000e-01   2.74843205e+04
2.33075000e-01   2.66508888e+04
2.33125000e-01   2.55471299e+04
2.33175000e-01   2.42394664e+04
2.33225000e-01   2.31688045e+04
2.33275000e-01   2.25460755e+04
2.33325000e-01   2.22847949e+04
2.33375000e-01   2.25368482e+04
2.33425000e-01   2.36346519e+04
2.33475000e-01   2.49403484e+04
2.33525000e-01   2.58317892e+04
2.33575000e-01   2.66963290e+04
2.33625000e-01   2.73781493e+04
2.33675000e-01   2.69259524e+04
2.33725000e-01   2.51078276e+04
2.33775000e-01   2.29816015e+04
2.33825000e-01   2.12579534e+04
2.33875000e-01   2.01719541e+04
2.33925000e-01   1.99775144e+04
2.33975000e-01   2.03887935e+04
2.34025000e-01   2.12373534e+04
2.34075000e-01   2.22322288e+04
2.34125000e-01   2.31284271e+04
2.34175000e-01   2.38718391e+04
2.34225000e-01   2.42052502e+04
2.34275000e-01   2.37365993e+04
2.34325000e-01   2.22478535e+04
2.34375000e-01   2.04098634e+04
2.34425000e-01   1.89773970e+04
2.34475000e-01   1.83572889e+04
2.34525000e-01   1.86838591e+04
2.34575000e-01   1.92289059e+04
2.34625000e-01   1.95875349e+04
2.34675000e-01   1.99853923e+04
2.34725000e-01   2.05160628e+04
2.34775000e-01   2.07334049e+04
2.34825000e-01   2.03631863e+04
2.34875000e-01   2.01567872e+04
2.34925000e-01   2.09102249e+04
2.34975000e-01   2.27684181e+04
2.35025000e-01   2.47761973e+04
2.35075000e-01   2.59487846e+04
2.35125000e-01   2.65481779e+04
2.35175000e-01   2.71630423e+04
2.35225000e-01   2.81462885e+04
2.35275000e-01   2.92166291e+04
2.35325000e-01   2.97844977e+04
2.35375000e-01   2.94486269e+04
2.35425000e-01   2.84889210e+04
2.35475000e-01   2.73820279e+04
2.35525000e-01   2.66282937e+04
2.35575000e-01   2.68965870e+04
2.35625000e-01   2.83344952e+04
2.35675000e-01   2.99832560e+04
2.35725000e-01   3.08230726e+04
2.35775000e-01   3.09236959e+04
2.35825000e-01   3.05200826e+04
2.35875000e-01   2.92290066e+04
2.35925000e-01   2.72737827e+04
2.35975000e-01   2.52952403e+04
2.36025000e-01   2.37423838e+04
2.36075000e-01   2.33732179e+04
2.36125000e-01   2.41177998e+04
2.36175000e-01   2.50511601e+04
2.36225000e-01   2.59414244e+04
2.36275000e-01   2.73112915e+04
2.36325000e-01   2.88689057e+04
2.36375000e-01   2.94638456e+04
2.36425000e-01   2.87351431e+04
2.36475000e-01   2.73102242e+04
2.36525000e-01   2.60577878e+04
2.36575000e-01   2.56175453e+04
2.36625000e-01   2.57019427e+04
2.36675000e-01   2.56824984e+04
2.36725000e-01   2.53946828e+04
2.36775000e-01   2.53679421e+04
2.36825000e-01   2.57880979e+04
2.36875000e-01   2.62665239e+04
2.36925000e-01   2.69867542e+04
2.36975000e-01   2.81073014e+04
2.37025000e-01   2.90387976e+04
2.37075000e-01   2.95951132e+04
2.37125000e-01   3.03124548e+04
2.37175000e-01   3.12807643e+04
2.37225000e-01   3.16565669e+04
2.37275000e-01   3.07776978e+04
2.37325000e-01   2.86760354e+04
2.37375000e-01   2.60048629e+04
2.37425000e-01   2.44243532e+04
2.37475000e-01   2.43840054e+04
2.37525000e-01   2.48768123e+04
2.37575000e-01   2.56308110e+04
2.37625000e-01   2.71244587e+04
2.37675000e-01   2.89839505e+04
2.37725000e-01   3.02183618e+04
2.37775000e-01   3.04317365e+04
2.37825000e-01   2.93448023e+04
2.37875000e-01   2.75139544e+04
2.37925000e-01   2.58283627e+04
2.37975000e-01   2.44679784e+04
2.38025000e-01   2.36305819e+04
2.38075000e-01   2.29987484e+04
2.38125000e-01   2.20601731e+04
2.38175000e-01   2.09301202e+04
2.38225000e-01   2.00245528e+04
2.38275000e-01   1.94779791e+04
2.38325000e-01   1.94677105e+04
2.38375000e-01   2.00257449e+04
2.38425000e-01   2.11070236e+04
2.38475000e-01   2.26536612e+04
2.38525000e-01   2.43616563e+04
2.38575000e-01   2.58948080e+04
2.38625000e-01   2.70912847e+04
2.38675000e-01   2.78392740e+04
2.38725000e-01   2.77903785e+04
2.38775000e-01   2.68067652e+04
2.38825000e-01   2.52903049e+04
2.38875000e-01   2.38727259e+04
2.38925000e-01   2.32911659e+04
2.38975000e-01   2.40821373e+04
2.39025000e-01   2.59131270e+04
2.39075000e-01   2.80026203e+04
2.39125000e-01   2.95546897e+04
2.39175000e-01   2.98938822e+04
2.39225000e-01   2.95432635e+04
2.39275000e-01   2.93908781e+04
2.39325000e-01   2.92354001e+04
2.39375000e-01   2.86362041e+04
2.39425000e-01   2.73134142e+04
2.39475000e-01   2.53261691e+04
2.39525000e-01   2.31931997e+04
2.39575000e-01   2.16064237e+04
2.39625000e-01   2.09976841e+04
2.39675000e-01   2.11841270e+04
2.39725000e-01   2.20681520e+04
2.39775000e-01   2.33845610e+04
2.39825000e-01   2.44005234e+04
2.39875000e-01   2.44929460e+04
2.39925000e-01   2.37210660e+04
2.39975000e-01   2.28972325e+04
2.40025000e-01   2.31591003e+04
2.40075000e-01   2.45004129e+04
2.40125000e-01   2.57888814e+04
2.40175000e-01   2.63886792e+04
2.40225000e-01   2.63221077e+04
2.40275000e-01   2.59044392e+04
2.40325000e-01   2.55012299e+04
2.40375000e-01   2.50874511e+04
2.40425000e-01   2.41884456e+04
2.40475000e-01   2.26154130e+04
2.40525000e-01   2.10287475e+04
2.40575000e-01   2.03080838e+04
2.40625000e-01   2.04175116e+04
2.40675000e-01   2.07686130e+04
2.40725000e-01   2.09400946e+04
2.40775000e-01   2.12943952e+04
2.40825000e-01   2.23134066e+04
2.40875000e-01   2.36440154e+04
2.40925000e-01   2.45803666e+04
2.40975000e-01   2.47299671e+04
2.41025000e-01   2.41171719e+04
2.41075000e-01   2.28563502e+04
2.41125000e-01   2.14803328e+04
2.41175000e-01   2.08703926e+04
2.41225000e-01   2.13977553e+04
2.41275000e-01   2.26015949e+04
2.41325000e-01   2.35287107e+04
2.41375000e-01   2.38029108e+04
2.41425000e-01   2.41673359e+04
2.41475000e-01   2.52103001e+04
2.41525000e-01   2.67678727e+04
2.41575000e-01   2.82223570e+04
2.41625000e-01   2.94402693e+04
2.41675000e-01   3.05254233e+04
2.41725000e-01   3.13464753e+04
2.41775000e-01   3.19342861e+04
2.41825000e-01   3.25419322e+04
2.41875000e-01   3.34246050e+04
2.41925000e-01   3.43154032e+04
2.41975000e-01   3.49355521e+04
2.42025000e-01   3.55839745e+04
2.42075000e-01   3.64941116e+04
2.42125000e-01   3.72815987e+04
2.42175000e-01   3.78956825e+04
2.42225000e-01   3.84879379e+04
2.42275000e-01   3.86908963e+04
2.42325000e-01   3.77676762e+04
2.42375000e-01   3.63613784e+04
2.42425000e-01   3.53360694e+04
2.42475000e-01   3.48663492e+04
2.42525000e-01   3.50390308e+04
2.42575000e-01   3.56753708e+04
2.42625000e-01   3.67059363e+04
2.42675000e-01   3.81834125e+04
2.42725000e-01   3.95024998e+04
2.42775000e-01   3.98024190e+04
2.42825000e-01   3.91734427e+04
2.42875000e-01   3.77649586e+04
2.42925000e-01   3.64178283e+04
2.42975000e-01   3.61336861e+04
2.43025000e-01   3.66505721e+04
2.43075000e-01   3.73654003e+04
2.43125000e-01   3.77549662e+04
2.43175000e-01   3.73230353e+04
2.43225000e-01   3.64197494e+04
2.43275000e-01   3.54216220e+04
2.43325000e-01   3.46453889e+04
2.43375000e-01   3.45463834e+04
2.43425000e-01   3.48000246e+04
2.43475000e-01   3.46055269e+04
2.43525000e-01   3.36007344e+04
2.43575000e-01   3.25799115e+04
2.43625000e-01   3.24496436e+04
2.43675000e-01   3.28676255e+04
2.43725000e-01   3.35347037e+04
2.43775000e-01   3.45021624e+04
2.43825000e-01   3.54071492e+04
2.43875000e-01   3.55151758e+04
2.43925000e-01   3.46978028e+04
2.43975000e-01   3.36339549e+04
2.44025000e-01   3.29386358e+04
2.44075000e-01   3.31603481e+04
2.44125000e-01   3.41435284e+04
2.44175000e-01   3.53202182e+04
2.44225000e-01   3.62786827e+04
2.44275000e-01   3.66673132e+04
2.44325000e-01   3.63212294e+04
2.44375000e-01   3.53926976e+04
2.44425000e-01   3.41053919e+04
2.44475000e-01   3.32195498e+04
2.44525000e-01   3.29370383e+04
2.44575000e-01   3.27509388e+04
2.44625000e-01   3.24596968e+04
2.44675000e-01   3.17935490e+04
2.44725000e-01   3.09525120e+04
2.44775000e-01   3.01776280e+04
2.44825000e-01   2.93417123e+04
2.44875000e-01   2.86617055e+04
2.44925000e-01   2.86094550e+04
2.44975000e-01   2.87577306e+04
2.45025000e-01   2.85531507e+04
2.45075000e-01   2.79828920e+04
2.45125000e-01   2.73382650e+04
2.45175000e-01   2.68926303e+04
2.45225000e-01   2.64782821e+04
2.45275000e-01   2.61018818e+04
2.45325000e-01   2.59455062e+04
2.45375000e-01   2.59045264e+04
2.45425000e-01   2.58363652e+04
2.45475000e-01   2.58953988e+04
2.45525000e-01   2.62520136e+04
2.45575000e-01   2.65104540e+04
2.45625000e-01   2.62842166e+04
2.45675000e-01   2.59580405e+04
2.45725000e-01   2.58633554e+04
2.45775000e-01   2.62044191e+04
2.45825000e-01   2.67541540e+04
2.45875000e-01   2.69435138e+04
2.45925000e-01   2.66270999e+04
2.45975000e-01   2.60662580e+04
2.46025000e-01   2.57626536e+04
2.46075000e-01   2.55260820e+04
2.46125000e-01   2.50328289e+04
2.46175000e-01   2.45017429e+04
2.46225000e-01   2.39968077e+04
2.46275000e-01   2.35838447e+04
2.46325000e-01   2.33588498e+04
2.46375000e-01   2.36396391e+04
2.46425000e-01   2.44740616e+04
2.46475000e-01   2.53051284e+04
2.46525000e-01   2.58931453e+04
2.46575000e-01   2.61385000e+04
2.46625000e-01   2.61823722e+04
2.46675000e-01   2.62811926e+04
2.46725000e-01   2.65347582e+04
2.46775000e-01   2.70094652e+04
2.46825000e-01   2.75498926e+04
2.46875000e-01   2.79549623e+04
2.46925000e-01   2.81019072e+04
2.46975000e-01   2.81697064e+04
2.47025000e-01   2.83154765e+04
2.47075000e-01   2.84525952e+04
2.47125000e-01   2.86137663e+04
2.47175000e-01   2.88975354e+04
2.47225000e-01   2.90705229e+04
2.47275000e-01   2.85704850e+04
2.47325000e-01   2.73548392e+04
2.47375000e-01   2.68732111e+04
2.47425000e-01   2.78599653e+04
2.47475000e-01   2.93520374e+04
2.47525000e-01   3.02136295e+04
2.47575000e-01   3.02389208e+04
2.47625000e-01   3.00187043e+04
2.47675000e-01   2.96870188e+04
2.47725000e-01   2.91789140e+04
2.47775000e-01   2.86880159e+04
2.47825000e-01   2.81211374e+04
2.47875000e-01   2.72583286e+04
2.47925000e-01   2.62488961e+04
2.47975000e-01   2.53063940e+04
2.48025000e-01   2.50689556e+04
2.48075000e-01   2.56116304e+04
2.48125000e-01   2.61489056e+04
2.48175000e-01   2.62458827e+04
2.48225000e-01   2.55536015e+04
2.48275000e-01   2.38815944e+04
2.48325000e-01   2.19854641e+04
2.48375000e-01   2.05181988e+04
2.48425000e-01   1.99428001e+04
2.48475000e-01   2.03674316e+04
2.48525000e-01   2.12902861e+04
2.48575000e-01   2.24321680e+04
2.48625000e-01   2.33979341e+04
2.48675000e-01   2.35952148e+04
2.48725000e-01   2.31645803e+04
2.48775000e-01   2.24894558e+04
2.48825000e-01   2.15553866e+04
2.48875000e-01   2.06545345e+04
2.48925000e-01   2.02975307e+04
2.48975000e-01   2.02853523e+04
2.49025000e-01   2.01917446e+04
2.49075000e-01   2.00049282e+04
2.49125000e-01   2.00114314e+04
2.49175000e-01   2.05712733e+04
2.49225000e-01   2.16378355e+04
2.49275000e-01   2.32450622e+04
2.49325000e-01   2.50131774e+04
2.49375000e-01   2.64131067e+04
2.49425000e-01   2.77611225e+04
2.49475000e-01   2.91896184e+04
2.49525000e-01   3.06121828e+04
2.49575000e-01   3.16581085e+04
2.49625000e-01   3.19662265e+04
2.49675000e-01   3.16025927e+04
2.49725000e-01   3.14907024e+04
2.49775000e-01   3.19049834e+04
2.49825000e-01   3.22727642e+04
2.49875000e-01   3.23584562e+04
2.49925000e-01   3.24639901e+04
2.49975000e-01   3.30223766e+04
2.50025000e-01   3.35279052e+04
2.50075000e-01   3.33995023e+04
2.50125000e-01   3.22058385e+04
2.50175000e-01   3.01754842e+04
2.50225000e-01   2.88875485e+04
2.50275000e-01   2.90817341e+04
2.50325000e-01   2.99652089e+04
2.50375000e-01   3.08799328e+04
2.50425000e-01   3.15133420e+04
2.50475000e-01   3.18677026e+04
2.50525000e-01   3.17024881e+04
2.50575000e-01   3.06992886e+04
2.50625000e-01   2.91028161e+04
2.50675000e-01   2.74660654e+04
2.50725000e-01   2.62638956e+04
2.50775000e-01   2.58609109e+04
2.50825000e-01   2.67515682e+04
2.50875000e-01   2.85774209e+04
2.50925000e-01   3.00855521e+04
2.50975000e-01   3.08679909e+04
2.51025000e-01   3.11922242e+04
2.51075000e-01   3.06508522e+04
2.51125000e-01   2.94065086e+04
2.51175000e-01   2.84238893e+04
2.51225000e-01   2.80613210e+04
2.51275000e-01   2.79487853e+04
2.51325000e-01   2.76179745e+04
2.51375000e-01   2.69197341e+04
2.51425000e-01   2.57927760e+04
2.51475000e-01   2.44861753e+04
2.51525000e-01   2.35993435e+04
2.51575000e-01   2.32133890e+04
2.51625000e-01   2.28493632e+04
2.51675000e-01   2.22976519e+04
2.51725000e-01   2.20460390e+04
2.51775000e-01   2.22602947e+04
2.51825000e-01   2.24161273e+04
2.51875000e-01   2.23994218e+04
2.51925000e-01   2.23301933e+04
2.51975000e-01   2.24126411e+04
2.52025000e-01   2.28238106e+04
2.52075000e-01   2.36601371e+04
2.52125000e-01   2.43351776e+04
2.52175000e-01   2.41967163e+04
2.52225000e-01   2.35633970e+04
2.52275000e-01   2.28056218e+04
2.52325000e-01   2.19123558e+04
2.52375000e-01   2.12414292e+04
2.52425000e-01   2.10625132e+04
2.52475000e-01   2.12266668e+04
2.52525000e-01   2.17191772e+04
2.52575000e-01   2.26694158e+04
2.52625000e-01   2.36269022e+04
2.52675000e-01   2.40929630e+04
2.52725000e-01   2.41144571e+04
2.52775000e-01   2.35677140e+04
2.52825000e-01   2.27048672e+04
2.52875000e-01   2.21078331e+04
2.52925000e-01   2.19906404e+04
2.52975000e-01   2.24615284e+04
2.53025000e-01   2.36298394e+04
2.53075000e-01   2.52606682e+04
2.53125000e-01   2.68989156e+04
2.53175000e-01   2.82824713e+04
2.53225000e-01   2.91163451e+04
2.53275000e-01   2.93118790e+04
2.53325000e-01   2.92533975e+04
2.53375000e-01   2.92464904e+04
2.53425000e-01   2.93224904e+04
2.53475000e-01   2.94592993e+04
2.53525000e-01   2.95102225e+04
2.53575000e-01   2.93958239e+04
2.53625000e-01   2.90647080e+04
2.53675000e-01   2.88634241e+04
2.53725000e-01   2.90627318e+04
2.53775000e-01   2.95554379e+04
2.53825000e-01   3.01148784e+04
2.53875000e-01   3.03708848e+04
2.53925000e-01   3.02496700e+04
2.53975000e-01   3.04551247e+04
2.54025000e-01   3.11835624e+04
2.54075000e-01   3.16575157e+04
2.54125000e-01   3.13084165e+04
2.54175000e-01   3.07420898e+04
2.54225000e-01   3.08612241e+04
2.54275000e-01   3.14398100e+04
2.54325000e-01   3.23287139e+04
2.54375000e-01   3.32815390e+04
2.54425000e-01   3.37386395e+04
2.54475000e-01   3.36574891e+04
2.54525000e-01   3.34617888e+04
2.54575000e-01   3.32374813e+04
2.54625000e-01   3.28337159e+04
2.54675000e-01   3.24796737e+04
2.54725000e-01   3.24737095e+04
2.54775000e-01   3.29986096e+04
2.54825000e-01   3.35159913e+04
2.54875000e-01   3.35327421e+04
2.54925000e-01   3.33404395e+04
2.54975000e-01   3.31321779e+04
2.55025000e-01   3.35265792e+04
2.55075000e-01   3.50238139e+04
2.55125000e-01   3.73342899e+04
2.55175000e-01   3.99363706e+04
2.55225000e-01   4.25675196e+04
2.55275000e-01   4.42413781e+04
2.55325000e-01   4.43985913e+04
2.55375000e-01   4.41645405e+04
2.55425000e-01   4.49084966e+04
2.55475000e-01   4.64501082e+04
2.55525000e-01   4.71439955e+04
2.55575000e-01   4.66532246e+04
2.55625000e-01   4.59809093e+04
2.55675000e-01   4.60025857e+04
2.55725000e-01   4.63205593e+04
2.55775000e-01   4.64899478e+04
2.55825000e-01   4.69560317e+04
2.55875000e-01   4.84468366e+04
2.55925000e-01   5.05871100e+04
2.55975000e-01   5.22884780e+04
2.56025000e-01   5.30053846e+04
2.56075000e-01   5.26177143e+04
2.56125000e-01   5.20445768e+04
2.56175000e-01   5.16216403e+04
2.56225000e-01   5.07315523e+04
2.56275000e-01   4.91688526e+04
2.56325000e-01   4.78646315e+04
2.56375000e-01   4.78927006e+04
2.56425000e-01   4.93540209e+04
2.56475000e-01   5.16358735e+04
2.56525000e-01   5.47069320e+04
2.56575000e-01   5.86943058e+04
2.56625000e-01   6.22114160e+04
2.56675000e-01   6.44137698e+04
2.56725000e-01   6.56217517e+04
2.56775000e-01   6.59213342e+04
2.56825000e-01   6.62125183e+04
2.56875000e-01   6.70447616e+04
2.56925000e-01   6.82501677e+04
2.56975000e-01   7.00054049e+04
2.57025000e-01   7.21607469e+04
2.57075000e-01   7.36583491e+04
2.57125000e-01   7.39848933e+04
2.57175000e-01   7.37537723e+04
2.57225000e-01   7.42741750e+04
2.57275000e-01   7.53699307e+04
2.57325000e-01   7.64080766e+04
2.57375000e-01   7.78921932e+04
2.57425000e-01   7.87870255e+04
2.57475000e-01   7.70046837e+04
2.57525000e-01   7.28703192e+04
2.57575000e-01   6.79079931e+04
2.57625000e-01   6.38334896e+04
2.57675000e-01   6.24485752e+04
2.57725000e-01   6.36032462e+04
2.57775000e-01   6.60537360e+04
2.57825000e-01   6.91910726e+04
2.57875000e-01   7.29066235e+04
2.57925000e-01   7.65184353e+04
2.57975000e-01   7.97768084e+04
2.58025000e-01   8.28354247e+04
2.58075000e-01   8.56133785e+04
2.58125000e-01   8.84023005e+04
2.58175000e-01   9.07111172e+04
2.58225000e-01   9.06535771e+04
2.58275000e-01   8.62060821e+04
2.58325000e-01   7.95876145e+04
2.58375000e-01   7.60936457e+04
2.58425000e-01   7.54826422e+04
2.58475000e-01   7.41759397e+04
2.58525000e-01   6.99746225e+04
2.58575000e-01   6.50958413e+04
2.58625000e-01   6.24797553e+04
2.58675000e-01   6.17769733e+04
2.58725000e-01   6.37400210e+04
2.58775000e-01   6.79808833e+04
2.58825000e-01   7.19939629e+04
2.58875000e-01   7.48861304e+04
2.58925000e-01   7.85364468e+04
2.58975000e-01   8.42119441e+04
2.59025000e-01   8.79290317e+04
2.59075000e-01   8.70647817e+04
2.59125000e-01   8.28026329e+04
2.59175000e-01   7.67705960e+04
2.59225000e-01   7.20263615e+04
2.59275000e-01   7.01291396e+04
2.59325000e-01   6.88811493e+04
2.59375000e-01   6.56181379e+04
2.59425000e-01   6.15121259e+04
2.59475000e-01   6.03153039e+04
2.59525000e-01   6.23106601e+04
2.59575000e-01   6.47516124e+04
2.59625000e-01   6.55349934e+04
2.59675000e-01   6.42476722e+04
2.59725000e-01   6.21321283e+04
2.59775000e-01   5.92471289e+04
2.59825000e-01   5.46847615e+04
2.59875000e-01   4.97308254e+04
2.59925000e-01   4.61254324e+04
2.59975000e-01   4.41461162e+04
2.60025000e-01   4.39193543e+04
2.60075000e-01   4.62040387e+04
2.60125000e-01   5.01771905e+04
2.60175000e-01   5.41655896e+04
2.60225000e-01   5.82652535e+04
2.60275000e-01   6.14719577e+04
2.60325000e-01   6.27494715e+04
2.60375000e-01   6.26470404e+04
2.60425000e-01   6.17710239e+04
2.60475000e-01   6.01539306e+04
2.60525000e-01   5.78087064e+04
2.60575000e-01   5.49540530e+04
2.60625000e-01   5.17785322e+04
2.60675000e-01   4.87599962e+04
2.60725000e-01   4.66795222e+04
2.60775000e-01   4.62032232e+04
2.60825000e-01   4.73427783e+04
2.60875000e-01   4.97976485e+04
2.60925000e-01   5.27271496e+04
2.60975000e-01   5.48419287e+04
2.61025000e-01   5.56626157e+04
2.61075000e-01   5.53282857e+04
2.61125000e-01   5.35855486e+04
2.61175000e-01   5.02901097e+04
2.61225000e-01   4.72180539e+04
2.61275000e-01   4.57526516e+04
2.61325000e-01   4.60201798e+04
2.61375000e-01   4.72079614e+04
2.61425000e-01   4.81866002e+04
2.61475000e-01   4.97370714e+04
2.61525000e-01   5.26006256e+04
2.61575000e-01   5.67037856e+04
2.61625000e-01   6.07343202e+04
2.61675000e-01   6.27588897e+04
2.61725000e-01   6.28301362e+04
2.61775000e-01   6.12242716e+04
2.61825000e-01   5.85702806e+04
2.61875000e-01   5.77606909e+04
2.61925000e-01   5.98111450e+04
2.61975000e-01   6.31948073e+04
