8.53390029e-04  3.35807401e+03
1.83280117e-03  6.62039278e+03
3.50338291e-03  8.76583917e+03
5.71710971e-03  1.40700340e+04
8.27733570e-03  1.60166489e+04
1.09565887e-02  1.17692789e+04
1.35168147e-02  1.03819312e+04
1.57305415e-02  3.34351385e+04
1.74011233e-02  5.36932375e+04
1.83805344e-02  2.83031537e+04
1.86451786e-02  3.43805595e+03
1.87654045e-02  7.94947025e+03
1.89801680e-02  1.22759683e+04
1.92869105e-02  1.60988254e+04
1.96819145e-02  1.89879252e+04
2.01603867e-02  2.04514267e+04
2.07165195e-02  2.01898659e+04
2.13435625e-02  1.88158040e+04
2.20339042e-02  1.69969970e+04
2.27791650e-02  1.61423256e+04
2.35702983e-02  1.72500684e+04
2.43977010e-02  1.99025982e+04
2.52513295e-02  2.26074074e+04
2.61208218e-02  2.46403956e+04
2.69956236e-02  2.60186877e+04
2.78651160e-02  2.72355799e+04
2.87187444e-02  2.62124412e+04
2.95461471e-02  2.33961320e+04
3.03372805e-02  1.93244831e+04
3.10825412e-02  1.64050267e+04
3.17728830e-02  1.43568467e+04
3.23999259e-02  1.39571108e+04
3.29560587e-02  1.31790869e+04
3.34345309e-02  1.19308292e+04
3.38295349e-02  1.01588167e+04
3.41362774e-02  7.80150041e+03
3.43510409e-02  5.06963069e+03
3.44712668e-02  2.19383158e+03
3.45224441e-02  1.65657457e+03
3.46132239e-02  3.83268835e+03
3.47753869e-02  5.95039938e+03
3.50070011e-02  7.95427854e+03
3.53052596e-02  9.73479456e+03
3.56665430e-02  1.10698445e+04
3.60864661e-02  1.15492732e+04
3.65599319e-02  1.10219477e+04
3.70811931e-02  9.60586503e+03
3.76439224e-02  7.48249961e+03
3.82412891e-02  5.42552644e+03
3.88660419e-02  4.42890890e+03
3.95105972e-02  4.29192396e+03
4.01671309e-02  4.59015493e+03
4.08276737e-02  4.87727525e+03
4.14842074e-02  4.67777562e+03
4.21287627e-02  4.45582236e+03
4.27535155e-02  4.06364089e+03
4.33508821e-02  3.66574468e+03
4.39136115e-02  3.49490175e+03
4.44348727e-02  3.37072557e+03
4.49083384e-02  3.33535889e+03
4.53282616e-02  3.32943880e+03
4.56895450e-02  3.04441838e+03
4.59878034e-02  2.53725636e+03
4.62194177e-02  1.91092840e+03
4.63815806e-02  1.23226108e+03
4.64723605e-02  5.32477839e+02
4.66400117e-02  3.59001686e+03
4.72405941e-02  7.59012970e+03
4.82526760e-02  9.00624016e+03
4.95668389e-02  1.08577938e+04
5.10407070e-02  1.04264534e+04
5.25145751e-02  7.69607952e+03
5.38287380e-02  1.05146228e+04
5.48408198e-02  1.12359461e+04
5.54414023e-02  5.49840863e+03
5.56129753e-02  9.67226772e+02
5.57204450e-02  2.23332070e+03
5.59124215e-02  3.42244907e+03
5.61866178e-02  4.38535298e+03
5.65397109e-02  4.87882408e+03
5.69674160e-02  4.86337557e+03
5.74645417e-02  4.48171883e+03
5.80250538e-02  4.14274620e+03
5.86421486e-02  4.35276887e+03
5.93083353e-02  5.56022981e+03
6.00155274e-02  8.92206604e+03
6.07551405e-02  1.42601780e+04
6.15181968e-02  2.14164134e+04
6.22954339e-02  2.59760921e+04
6.30774170e-02  2.43284901e+04
6.38546540e-02  1.69733003e+04
6.46177103e-02  8.34885814e+03
6.53573235e-02  3.28796163e+03
6.60645156e-02  1.30974315e+03
6.67307023e-02  1.31437523e+03
6.73477970e-02  1.56639971e+03
6.79083092e-02  1.77039392e+03
6.84054349e-02  1.85463260e+03
6.88331400e-02  1.79910942e+03
6.91862331e-02  1.57655099e+03
6.94604294e-02  1.21415593e+03
6.96524059e-02  7.87948630e+02
6.97598756e-02  3.40863764e+02
6.98107634e-02  3.24482281e+02
6.99130678e-02  7.50197870e+02
7.00958174e-02  1.15735928e+03
7.03568352e-02  1.51637105e+03
7.06929577e-02  1.77480207e+03
7.11001062e-02  1.84892916e+03
7.15733388e-02  1.68845358e+03
7.21069113e-02  1.43077261e+03
7.26943469e-02  1.21422180e+03
7.33285150e-02  1.40132905e+03
7.40017176e-02  2.59791762e+03
7.47057831e-02  5.04085153e+03
7.54321650e-02  8.55993122e+03
7.61720460e-02  1.23690050e+04
7.69164450e-02  1.51189591e+04
7.76563260e-02  1.61488651e+04
7.83827079e-02  1.45195007e+04
7.90867734e-02  1.12234349e+04
7.97599760e-02  7.32479885e+03
8.03941441e-02  4.40473170e+03
8.09815797e-02  3.13938647e+03
8.15151522e-02  2.88025683e+03
8.19883848e-02  3.05717401e+03
8.23955332e-02  3.06618040e+03
8.27316558e-02  2.69323336e+03
8.29926736e-02  2.08057032e+03
8.31754232e-02  1.35396812e+03
8.32777276e-02  5.86082742e+02
8.35578299e-02  6.07199444e+03
8.45799910e-02  9.67030955e+03
8.61723935e-02  6.43740767e+03
8.79707210e-02  5.21985897e+03
8.95631235e-02  6.24055787e+03
9.05852847e-02  3.82646136e+03
9.1e-2  0.0
