9.25000000e-02 2.08533937e+05
9.26592593e-02 1.19151028e+05
9.28185185e-02 5.04627655e+04
9.29777778e-02 1.73602736e+04
9.31370370e-02 4.58450333e+05
9.32962963e-02 1.98483167e+05
9.34555556e-02 9.71767333e+04
9.36148148e-02 3.12304755e+04
9.37740741e-02 8.38721323e+04
9.39333333e-02 4.57177555e+05
9.40925926e-02 1.73992802e+05
9.42518519e-02 4.58954754e+04
9.44111111e-02 1.59727938e+04
9.45703704e-02 1.88055134e+05
9.47296296e-02 7.76286991e+05
9.48888889e-02 3.73586193e+05
9.50481481e-02 9.12112840e+04
9.52074074e-02 3.06038503e+03
9.53666667e-02 6.15458884e+04
9.55259259e-02 6.50927055e+05
9.56851852e-02 2.60110909e+05
9.58444444e-02 7.24750871e+04
9.60037037e-02 2.09883763e+04
9.61629630e-02 9.90234857e+04
9.63222222e-02 4.42227676e+05
9.64814815e-02 2.09833228e+05
9.66407407e-02 1.61038316e+05
9.68000000e-02 9.32647746e+04
9.69592593e-02 6.03518624e+04
9.71185185e-02 3.54223211e+05
9.72777778e-02 5.39104281e+05
9.74370370e-02 3.10478366e+05
9.75962963e-02 1.46171203e+05
9.77555556e-02 3.41237877e+04
9.79148148e-02 2.55815119e+04
9.80740741e-02 1.19814987e+05
9.82333333e-02 7.83803766e+05
9.83925926e-02 2.92694860e+05
9.85518519e-02 6.40466204e+04
9.87111111e-02 3.49741784e+04
9.88703704e-02 1.52060378e+04
9.90296296e-02 3.17747049e+04
9.91888889e-02 9.80759843e+05
9.93481481e-02 5.93794050e+05
9.95074074e-02 1.73699002e+05
9.96666667e-02 4.13477500e+04
9.98259259e-02 2.32824061e+04
9.99851852e-02 8.85940578e+03
1.00144444e-01 4.61327962e+05
1.00303704e-01 7.55941581e+05
1.00462963e-01 1.72565664e+05
1.00622222e-01 1.30837307e+05
1.00781481e-01 3.58095589e+04
1.00940741e-01 2.04584873e+04
1.01100000e-01 3.40596366e+02
1.01259259e-01 3.80065052e+05
1.01418519e-01 4.60894752e+05
1.01577778e-01 9.89308006e+04
1.01737037e-01 6.97767229e+04
1.01896296e-01 2.02065056e+04
1.02055556e-01 9.64663925e+03
1.02214815e-01 8.39772725e+01
1.02374074e-01 3.71468033e+04
1.02533333e-01 8.66723562e+04
1.02692593e-01 3.55475893e+04
1.02851852e-01 2.69548129e+04
1.03011111e-01 6.59256684e+01
1.03170370e-01 5.69499293e+03
1.03329630e-01 4.68640449e+02
1.03488889e-01 4.91127040e+02
1.03648148e-01 3.10054144e+04
1.03807407e-01 4.71461650e+04
1.03966667e-01 1.08787478e+04
1.04125926e-01 8.12381314e+03
1.04285185e-01 2.29871712e+03
1.04444444e-01 1.23591432e+03
1.04603704e-01 6.85222147e+00
1.04762963e-01 3.57290246e+02
1.04922222e-01 2.62669118e+03
1.05081481e-01 1.56891024e+03
1.05240741e-01 1.08645054e+03
1.05400000e-01 7.02958743e+02
1.05559259e-01 9.50966439e+00
1.05718519e-01 1.35497676e+02
1.05877778e-01 3.02504093e+00
1.06037037e-01 1.96904602e+01
1.06196296e-01 1.17966739e+02
1.06355556e-01 3.23077470e+02
1.06514815e-01 1.46135089e+02
1.06674074e-01 7.46136153e+01
1.06833333e-01 3.92734221e+00
1.06992593e-01 1.39423254e+01
1.07151852e-01 1.81357803e+00
1.07311111e-01 4.05902621e-02
1.07470370e-01 3.65000759e+00
1.07629630e-01 1.74041610e+00
1.07788889e-01 1.81621957e+01
1.07948148e-01 5.84245473e+00
1.08107407e-01 3.47996769e+00
1.08266667e-01 9.26466758e-02
1.08425926e-01 7.72013060e-01
1.08585185e-01 2.03624149e-01
1.08744444e-01 3.42924597e-02
1.08903704e-01 1.21165904e-01
1.09062963e-01 1.51588447e-02
1.09222222e-01 6.31949700e-02
1.09381481e-01 5.81450094e-02
1.09540741e-01 4.00531551e-02
1.09700000e-01 3.10176408e-02
1.09859259e-01 8.71813262e-03
1.10018519e-01 1.30936377e-02
1.10177778e-01 6.71951641e-03
1.10337037e-01 5.20822406e-03
1.10496296e-01 5.18094970e-03
1.10655556e-01 3.57389681e-03
1.10814815e-01 4.15990672e-03
1.10974074e-01 3.90504612e-03
1.11133333e-01 3.41161898e-03
1.11292593e-01 2.72732519e-03
1.11451852e-01 1.63241466e-03
1.11611111e-01 1.19755687e-03
1.11770370e-01 9.59973978e-04
1.11929630e-01 8.73064274e-04
1.12088889e-01 8.19209976e-04
1.12248148e-01 7.75651461e-04
1.12407407e-01 7.08097597e-04
1.12566667e-01 5.07883095e-04
1.12725926e-01 3.85830694e-04
1.12885185e-01 3.21197839e-04
1.13044444e-01 2.87262581e-04
1.13203704e-01 2.68656385e-04
1.13362963e-01 2.55615198e-04
1.13522222e-01 2.43144760e-04
1.13681481e-01 1.81806870e-04
1.13840741e-01 9.05265994e-05
1.14000000e-01 4.98954155e-05
1.14159259e-01 3.08784241e-05
1.14318519e-01 2.44180381e-05
1.14477778e-01 1.97533903e-05
1.14637037e-01 1.82891815e-05
1.14796296e-01 1.71480261e-05
1.14955556e-01 1.30883160e-05
1.15114815e-01 7.20758579e-06
1.15274074e-01 4.69371132e-06
1.15433333e-01 3.18166227e-06
1.15592593e-01 2.67533857e-06
1.15751852e-01 2.30251971e-06
1.15911111e-01 2.13038252e-06
1.16070370e-01 2.03156576e-06
1.16229630e-01 1.81351998e-06
1.16388889e-01 1.14605512e-06
1.16548148e-01 5.76321304e-07
1.16707407e-01 3.41666519e-07
1.16866667e-01 2.00702415e-07
1.17025926e-01 1.54486868e-07
1.17185185e-01 1.15043454e-07
1.17344444e-01 1.07926682e-07
1.17503704e-01 9.71283950e-08
1.17662963e-01 8.28774120e-08
1.17822222e-01 4.60733373e-08
1.17981481e-01 1.89929581e-08
1.18140741e-01 9.00256620e-09
1.18300000e-01 3.91405473e-09
1.18459259e-01 2.38868342e-09
1.18618519e-01 9.84613108e-10
1.18777778e-01 8.93023367e-10
1.18937037e-01 6.19461725e-10
1.19096296e-01 4.99797653e-10
1.19255556e-01 3.87854038e-10
1.19414815e-01 2.11878795e-10
1.19574074e-01 1.16825611e-10
1.19733333e-01 5.51817762e-11
1.19892593e-01 2.74048174e-11
1.20000000e-01 0.00000000e+00
