# b'Cross sections for SiO\nConverted from earlier Leiden database cross sections by Alan Heays 2016-02-24\nPhotodissociation source: SIO cf. states Herzberg + osc. strengths van Hemert\nLines represented with gaussian of width 1.0 nm FWHM\nwavelength: (nm)\nphotoabsorption:    cross section (cm2)\nphotodissociation:  cross section (cm2)'
# 
# wavelength   photoabsorption photodissociation
  91.3000000       5.00000e-20       5.00000e-20
  91.4000000       5.00000e-20       5.00000e-20
  91.5000000       5.00000e-20       5.00000e-20
  91.6000000       5.00000e-20       5.00000e-20
  91.7000000       5.00000e-20       5.00000e-20
  91.8000000       5.00000e-20       5.00000e-20
  91.9000000       5.00000e-20       5.00000e-20
  92.0000000       5.00000e-20       5.00000e-20
  92.1000000       5.00000e-20       5.00000e-20
  92.2000000       5.00000e-20       5.00000e-20
  92.3000000       5.00000e-20       5.00000e-20
  92.4000000       5.00000e-20       5.00000e-20
  92.5000000       5.00000e-20       5.00000e-20
  92.6000000       5.00000e-20       5.00000e-20
  92.7000000       5.00000e-20       5.00000e-20
  92.8000000       5.00000e-20       5.00000e-20
  92.9000000       5.00000e-20       5.00000e-20
  93.0000000       5.00000e-20       5.00000e-20
  93.1000000       5.00000e-20       5.00000e-20
  93.2000000       5.00000e-20       5.00000e-20
  93.3000000       5.00000e-20       5.00000e-20
  93.4000000       5.00000e-20       5.00000e-20
  93.5000000       5.00000e-20       5.00000e-20
  93.6000000       5.00000e-20       5.00000e-20
  93.7000000       5.00000e-20       5.00000e-20
  93.8000000       5.00000e-20       5.00000e-20
  93.9000000       5.00000e-20       5.00000e-20
  94.0000000       5.00000e-20       5.00000e-20
  94.1000000       5.00000e-20       5.00000e-20
  94.2000000       5.00000e-20       5.00000e-20
  94.3000000       5.00000e-20       5.00000e-20
  94.4000000       5.00000e-20       5.00000e-20
  94.5000000       5.00000e-20       5.00000e-20
  94.6000000       5.00000e-20       5.00000e-20
  94.7000000       5.00000e-20       5.00000e-20
  94.8000000       5.00000e-20       5.00000e-20
  94.9000000       5.00000e-20       5.00000e-20
  95.0000000       5.00000e-20       5.00000e-20
  95.1000000       5.00000e-20       5.00000e-20
  95.2000000       5.00000e-20       5.00000e-20
  95.3000000       5.00000e-20       5.00000e-20
  95.4000000       5.00000e-20       5.00000e-20
  95.5000000       5.00000e-20       5.00000e-20
  95.6000000       5.00000e-20       5.00000e-20
  95.7000000       5.00000e-20       5.00000e-20
  95.8000000       5.00000e-20       5.00000e-20
  95.9000000       5.00000e-20       5.00000e-20
  96.0000000       5.00000e-20       5.00000e-20
  96.1000000       5.00000e-20       5.00000e-20
  96.2000000       5.00000e-20       5.00000e-20
  96.3000000       5.00000e-20       5.00000e-20
  96.4000000       5.00000e-20       5.00000e-20
  96.5000000       5.00000e-20       5.00000e-20
  96.6000000       5.00000e-20       5.00000e-20
  96.7000000       5.00000e-20       5.00000e-20
  96.8000000       5.00000e-20       5.00000e-20
  96.9000000       5.00000e-20       5.00000e-20
  97.0000000       5.00000e-20       5.00000e-20
  97.1000000       5.00000e-20       5.00000e-20
  97.2000000       5.00000e-20       5.00000e-20
  97.3000000       5.00000e-20       5.00000e-20
  97.4000000       5.00000e-20       5.00000e-20
  97.5000000       5.00000e-20       5.00000e-20
  97.6000000       5.00000e-20       5.00000e-20
  97.7000000       5.00000e-20       5.00000e-20
  97.8000000       5.00000e-20       5.00000e-20
  97.9000000       5.00000e-20       5.00000e-20
  98.0000000       5.00000e-20       5.00000e-20
  98.1000000       5.00000e-20       5.00000e-20
  98.2000000       5.00000e-20       5.00000e-20
  98.3000000       5.00000e-20       5.00000e-20
  98.4000000       5.00000e-20       5.00000e-20
  98.5000000       5.00000e-20       5.00000e-20
  98.6000000       5.00000e-20       5.00000e-20
  98.7000000       5.00000e-20       5.00000e-20
  98.8000000       5.00000e-20       5.00000e-20
  98.9000000       5.00000e-20       5.00000e-20
  99.0000000       5.00000e-20       5.00000e-20
  99.1000000       5.00000e-20       5.00000e-20
  99.2000000       5.00000e-20       5.00000e-20
  99.3000000       5.00000e-20       5.00000e-20
  99.4000000       5.25863e-20       5.25863e-20
  99.5000000       8.01393e-20       8.01393e-20
  99.6000000       1.80702e-19       1.80702e-19
  99.7000000       3.99297e-19       3.99297e-19
  99.8000000       8.35401e-19       8.35401e-19
  99.9000000       1.65485e-18       1.65485e-18
 100.0000000       3.10372e-18       3.10372e-18
 100.1000000       5.51145e-18       5.51145e-18
 100.2000000       9.26629e-18       9.26629e-18
 100.3000000       1.47503e-17       1.47503e-17
 100.4000000       2.22304e-17       2.22304e-17
 100.5000000       3.17210e-17       3.17210e-17
 100.6000000       4.28543e-17       4.28543e-17
 100.7000000       5.48137e-17       5.48137e-17
 100.8000000       6.63791e-17       6.63791e-17
 100.9000000       7.61061e-17       7.61061e-17
 101.0000000       8.26137e-17       8.26137e-17
 101.1000000       8.49044e-17       8.49044e-17
 101.2000000       8.26137e-17       8.26137e-17
 101.3000000       7.61061e-17       7.61061e-17
 101.4000000       6.63791e-17       6.63791e-17
 101.5000000       5.48137e-17       5.48137e-17
 101.6000000       4.28543e-17       4.28543e-17
 101.7000000       3.17210e-17       3.17210e-17
 101.8000000       2.22304e-17       2.22304e-17
 101.9000000       1.47503e-17       1.47503e-17
 102.0000000       9.26629e-18       9.26629e-18
 102.1000000       5.51145e-18       5.51145e-18
 102.2000000       3.10372e-18       3.10372e-18
 102.3000000       1.65485e-18       1.65485e-18
 102.4000000       8.35401e-19       8.35401e-19
 102.5000000       3.99297e-19       3.99297e-19
 102.6000000       1.80702e-19       1.80702e-19
 102.7000000       8.01393e-20       8.01393e-20
 102.8000000       5.25863e-20       5.25863e-20
 102.9000000       5.00000e-20       5.00000e-20
 103.0000000       5.00000e-20       5.00000e-20
 103.1000000       5.00000e-20       5.00000e-20
 103.2000000       5.00000e-20       5.00000e-20
 103.3000000       5.00000e-20       5.00000e-20
 103.4000000       5.00000e-20       5.00000e-20
 103.5000000       5.00000e-20       5.00000e-20
 103.6000000       5.00000e-20       5.00000e-20
 103.7000000       5.00000e-20       5.00000e-20
 103.8000000       5.00000e-20       5.00000e-20
 103.9000000       5.00000e-20       5.00000e-20
 104.0000000       5.00000e-20       5.00000e-20
 104.1000000       5.34264e-20       5.34264e-20
 104.2000000       8.72116e-20       8.72116e-20
 104.3000000       1.98415e-19       1.98415e-19
 104.4000000       4.39706e-19       4.39706e-19
 104.5000000       9.23429e-19       9.23429e-19
 104.6000000       1.83830e-18       1.83830e-18
 104.7000000       3.47017e-18       3.47017e-18
 104.8000000       6.21440e-18       6.21440e-18
 104.9000000       1.05636e-17       1.05636e-17
 105.0000000       1.70568e-17       1.70568e-17
 105.1000000       2.61851e-17       2.61851e-17
 105.2000000       3.82614e-17       3.82614e-17
 105.3000000       5.32838e-17       5.32838e-17
 105.4000000       7.08335e-17       7.08335e-17
 105.5000000       9.00447e-17       9.00447e-17
 105.6000000       1.09669e-16       1.09669e-16
 105.7000000       1.28221e-16       1.28221e-16
 105.8000000       1.44170e-16       1.44170e-16
 105.9000000       1.56135e-16       1.56135e-16
 106.0000000       1.63035e-16       1.63035e-16
 106.1000000       1.64211e-16       1.64211e-16
 106.2000000       1.59495e-16       1.59495e-16
 106.3000000       1.49253e-16       1.49253e-16
 106.4000000       1.34372e-16       1.34372e-16
 106.5000000       1.16181e-16       1.16181e-16
 106.6000000       9.62855e-17       9.62855e-17
 106.7000000       7.63393e-17       7.63393e-17
 106.8000000       5.77978e-17       5.77978e-17
 106.9000000       4.17206e-17       4.17206e-17
 107.0000000       2.86723e-17       2.86723e-17
 107.1000000       1.87389e-17       1.87389e-17
 107.2000000       1.16354e-17       1.16354e-17
 107.3000000       6.85877e-18       6.85877e-18
 107.4000000       3.83598e-18       3.83598e-18
 107.5000000       2.03454e-18       2.03454e-18
 107.6000000       1.02295e-18       1.02295e-18
 107.7000000       4.87442e-19       4.87442e-19
 107.8000000       2.20076e-19       2.20076e-19
 107.9000000       9.60856e-20       9.60856e-20
 108.0000000       5.44882e-20       5.44882e-20
 108.1000000       5.00000e-20       5.00000e-20
 108.2000000       5.00000e-20       5.00000e-20
 108.3000000       5.00000e-20       5.00000e-20
 108.4000000       5.00000e-20       5.00000e-20
 108.5000000       5.00000e-20       5.00000e-20
 108.6000000       5.00000e-20       5.00000e-20
 108.7000000       5.00000e-20       5.00000e-20
 108.8000000       5.00000e-20       5.00000e-20
 108.9000000       5.00000e-20       5.00000e-20
 109.0000000       5.00000e-20       5.00000e-20
 109.1000000       5.00000e-20       5.00000e-20
 109.2000000       5.00000e-20       5.00000e-20
 109.3000000       5.00000e-20       5.00000e-20
 109.4000000       5.00000e-20       5.00000e-20
 109.5000000       5.00000e-20       5.00000e-20
 109.6000000       5.00000e-20       5.00000e-20
 109.7000000       5.00000e-20       5.00000e-20
 109.8000000       5.00000e-20       5.00000e-20
 109.9000000       5.00000e-20       5.00000e-20
 110.0000000       5.00000e-20       5.00000e-20
 110.1000000       5.00000e-20       5.00000e-20
 110.2000000       5.00000e-20       5.00000e-20
 110.3000000       5.00000e-20       5.00000e-20
 110.4000000       5.00000e-20       5.00000e-20
 110.5000000       5.00000e-20       5.00000e-20
 110.6000000       5.00000e-20       5.00000e-20
 110.7000000       5.00000e-20       5.00000e-20
 110.8000000       5.00000e-20       5.00000e-20
 110.9000000       5.00000e-20       5.00000e-20
 111.0000000       5.00000e-20       5.00000e-20
 111.1000000       5.00000e-20       5.00000e-20
 111.2000000       5.00000e-20       5.00000e-20
 111.3000000       5.00000e-20       5.00000e-20
 111.4000000       5.00000e-20       5.00000e-20
 111.5000000       5.00000e-20       5.00000e-20
 111.6000000       5.00000e-20       5.00000e-20
 111.7000000       5.00000e-20       5.00000e-20
 111.8000000       5.00000e-20       5.00000e-20
 111.9000000       5.00000e-20       5.00000e-20
 112.0000000       5.00000e-20       5.00000e-20
 112.1000000       5.00000e-20       5.00000e-20
 112.2000000       5.00000e-20       5.00000e-20
 112.3000000       5.00000e-20       5.00000e-20
 112.4000000       5.17774e-20       5.17774e-20
 112.5000000       7.23524e-20       7.23524e-20
 112.6000000       1.53576e-19       1.53576e-19
 112.7000000       3.21308e-19       3.21308e-19
 112.8000000       6.36480e-19       6.36480e-19
 112.9000000       1.19374e-18       1.19374e-18
 113.0000000       2.11979e-18       2.11979e-18
 113.1000000       3.56396e-18       3.56396e-18
 113.2000000       5.67319e-18       5.67319e-18
 113.3000000       8.55017e-18       8.55017e-18
 113.4000000       1.22004e-17       1.22004e-17
 113.5000000       1.64824e-17       1.64824e-17
 113.6000000       2.10822e-17       2.10822e-17
 113.7000000       2.55304e-17       2.55304e-17
 113.8000000       2.92716e-17       2.92716e-17
 113.9000000       3.17745e-17       3.17745e-17
 114.0000000       3.26555e-17       3.26555e-17
 114.1000000       3.17745e-17       3.17745e-17
 114.2000000       2.92716e-17       2.92716e-17
 114.3000000       2.55304e-17       2.55304e-17
 114.4000000       2.10822e-17       2.10822e-17
 114.5000000       1.64824e-17       1.64824e-17
 114.6000000       1.22004e-17       1.22004e-17
 114.7000000       8.55017e-18       8.55017e-18
 114.8000000       5.67319e-18       5.67319e-18
 114.9000000       3.56396e-18       3.56396e-18
 115.0000000       2.11979e-18       2.11979e-18
 115.1000000       1.19374e-18       1.19374e-18
 115.2000000       6.36480e-19       6.36480e-19
 115.3000000       3.21308e-19       3.21308e-19
 115.4000000       1.53576e-19       1.53576e-19
 115.5000000       7.23524e-20       7.23524e-20
 115.6000000       5.17774e-20       5.17774e-20
 115.7000000       5.00000e-20       5.00000e-20
 115.8000000       5.00000e-20       5.00000e-20
 115.9000000       5.00000e-20       5.00000e-20
 116.0000000       5.00000e-20       5.00000e-20
 116.1000000       5.00000e-20       5.00000e-20
 116.2000000       5.00000e-20       5.00000e-20
 116.3000000       5.00000e-20       5.00000e-20
 116.4000000       5.00000e-20       5.00000e-20
 116.5000000       5.00000e-20       5.00000e-20
 116.6000000       5.00000e-20       5.00000e-20
 116.7000000       5.00000e-20       5.00000e-20
 116.8000000       5.00000e-20       5.00000e-20
 116.9000000       5.00000e-20       5.00000e-20
 117.0000000       5.00000e-20       5.00000e-20
 117.1000000       5.00000e-20       5.00000e-20
 117.2000000       5.00000e-20       5.00000e-20
 117.3000000       5.00000e-20       5.00000e-20
 117.4000000       5.00000e-20       5.00000e-20
 117.5000000       5.00000e-20       5.00000e-20
 117.6000000       5.00000e-20       5.00000e-20
 117.7000000       5.00000e-20       5.00000e-20
 117.8000000       5.00000e-20       5.00000e-20
 117.9000000       5.00000e-20       5.00000e-20
 118.0000000       5.00000e-20       5.00000e-20
 118.1000000       5.00000e-20       5.00000e-20
 118.2000000       5.00000e-20       5.00000e-20
 118.3000000       5.00000e-20       5.00000e-20
 118.4000000       5.00000e-20       5.00000e-20
 118.5000000       5.00000e-20       5.00000e-20
 118.6000000       5.00000e-20       5.00000e-20
 118.7000000       5.00000e-20       5.00000e-20
 118.8000000       5.00000e-20       5.00000e-20
 118.9000000       5.00000e-20       5.00000e-20
 119.0000000       5.00000e-20       5.00000e-20
 119.1000000       5.00000e-20       5.00000e-20
 119.2000000       5.00000e-20       5.00000e-20
 119.3000000       5.00000e-20       5.00000e-20
 119.4000000       5.00000e-20       5.00000e-20
 119.5000000       5.00000e-20       5.00000e-20
 119.6000000       5.00000e-20       5.00000e-20
 119.7000000       5.00000e-20       5.00000e-20
 119.8000000       5.00000e-20       5.00000e-20
 119.9000000       5.00000e-20       5.00000e-20
 120.0000000       5.00000e-20       5.00000e-20
 120.1000000       5.00000e-20       5.00000e-20
 120.2000000       5.00000e-20       5.00000e-20
 120.3000000       5.00000e-20       5.00000e-20
 120.4000000       5.00000e-20       5.00000e-20
 120.5000000       5.00000e-20       5.00000e-20
 120.6000000       5.00000e-20       5.00000e-20
 120.7000000       5.00000e-20       5.00000e-20
 120.8000000       5.00000e-20       5.00000e-20
 120.9000000       5.00000e-20       5.00000e-20
 121.0000000       5.00000e-20       5.00000e-20
 121.1000000       5.00000e-20       5.00000e-20
 121.2000000       5.00000e-20       5.00000e-20
 121.3000000       5.00000e-20       5.00000e-20
 121.4000000       5.00000e-20       5.00000e-20
 121.5000000       5.00000e-20       5.00000e-20
 121.6000000       5.00000e-20       5.00000e-20
 121.7000000       5.00000e-20       5.00000e-20
 121.8000000       5.00000e-20       5.00000e-20
 121.9000000       5.00000e-20       5.00000e-20
 122.0000000       5.00000e-20       5.00000e-20
 122.1000000       5.00000e-20       5.00000e-20
 122.2000000       5.00000e-20       5.00000e-20
 122.3000000       5.00000e-20       5.00000e-20
 122.4000000       5.00000e-20       5.00000e-20
 122.5000000       5.00000e-20       5.00000e-20
 122.6000000       5.00000e-20       5.00000e-20
 122.7000000       5.00000e-20       5.00000e-20
 122.8000000       5.00000e-20       5.00000e-20
 122.9000000       5.00000e-20       5.00000e-20
 123.0000000       5.00000e-20       5.00000e-20
 123.1000000       5.00000e-20       5.00000e-20
 123.2000000       5.00000e-20       5.00000e-20
 123.3000000       5.00000e-20       5.00000e-20
 123.4000000       5.00000e-20       5.00000e-20
 123.5000000       5.00000e-20       5.00000e-20
 123.6000000       5.00000e-20       5.00000e-20
 123.7000000       5.00000e-20       5.00000e-20
 123.8000000       5.00000e-20       5.00000e-20
 123.9000000       5.00000e-20       5.00000e-20
 124.0000000       5.00000e-20       5.00000e-20
 124.1000000       5.00000e-20       5.00000e-20
 124.2000000       5.00000e-20       5.00000e-20
 124.3000000       5.00000e-20       5.00000e-20
 124.4000000       5.00000e-20       5.00000e-20
 124.5000000       5.00000e-20       5.00000e-20
 124.6000000       5.00000e-20       5.00000e-20
 124.7000000       5.00000e-20       5.00000e-20
 124.8000000       5.00000e-20       5.00000e-20
 124.9000000       5.00000e-20       5.00000e-20
 125.0000000       5.00000e-20       5.00000e-20
 125.1000000       5.00000e-20       5.00000e-20
 125.2000000       5.00000e-20       5.00000e-20
 125.3000000       5.00000e-20       5.00000e-20
 125.4000000       5.00000e-20       5.00000e-20
 125.5000000       5.00000e-20       5.00000e-20
 125.6000000       5.00000e-20       5.00000e-20
 125.7000000       5.00000e-20       5.00000e-20
 125.8000000       5.00000e-20       5.00000e-20
 125.9000000       5.00000e-20       5.00000e-20
 126.0000000       5.00000e-20       5.00000e-20
 126.1000000       5.00000e-20       5.00000e-20
 126.2000000       5.00000e-20       5.00000e-20
 126.3000000       5.00000e-20       5.00000e-20
 126.4000000       5.00000e-20       5.00000e-20
 126.5000000       5.00000e-20       5.00000e-20
 126.6000000       5.00000e-20       5.00000e-20
 126.7000000       5.00000e-20       5.00000e-20
 126.8000000       5.00000e-20       5.00000e-20
 126.9000000       5.00000e-20       5.00000e-20
 127.0000000       5.00000e-20       5.00000e-20
 127.1000000       5.00000e-20       5.00000e-20
 127.2000000       5.00000e-20       5.00000e-20
 127.3000000       5.00000e-20       5.00000e-20
 127.4000000       5.00000e-20       5.00000e-20
 127.5000000       5.00000e-20       5.00000e-20
 127.6000000       5.00000e-20       5.00000e-20
 127.7000000       5.00000e-20       5.00000e-20
 127.8000000       5.00000e-20       5.00000e-20
 127.9000000       5.00000e-20       5.00000e-20
 128.0000000       5.00000e-20       5.00000e-20
 128.1000000       5.00000e-20       5.00000e-20
 128.2000000       5.00000e-20       5.00000e-20
 128.3000000       5.00000e-20       5.00000e-20
 128.4000000       5.00000e-20       5.00000e-20
 128.5000000       5.00000e-20       5.00000e-20
 128.6000000       5.00000e-20       5.00000e-20
 128.7000000       5.00000e-20       5.00000e-20
 128.8000000       5.00000e-20       5.00000e-20
 128.9000000       5.00000e-20       5.00000e-20
 129.0000000       5.00000e-20       5.00000e-20
 129.1000000       5.00000e-20       5.00000e-20
 129.2000000       5.00000e-20       5.00000e-20
 129.3000000       5.00000e-20       5.00000e-20
 129.4000000       5.00000e-20       5.00000e-20
 129.5000000       5.00000e-20       5.00000e-20
 129.6000000       5.00000e-20       5.00000e-20
 129.7000000       5.00000e-20       5.00000e-20
 129.8000000       5.00000e-20       5.00000e-20
 129.9000000       5.00000e-20       5.00000e-20
 130.0000000       5.00000e-20       5.00000e-20
 130.1000000       5.00000e-20       5.00000e-20
 130.2000000       5.00000e-20       5.00000e-20
 130.3000000       5.00000e-20       5.00000e-20
 130.4000000       5.00000e-20       5.00000e-20
 130.5000000       5.00000e-20       5.00000e-20
 130.6000000       5.00000e-20       5.00000e-20
 130.7000000       5.00000e-20       5.00000e-20
 130.8000000       5.00000e-20       5.00000e-20
 130.9000000       5.00000e-20       5.00000e-20
 131.0000000       5.00000e-20       5.00000e-20
 131.1000000       5.00000e-20       5.00000e-20
 131.2000000       5.00000e-20       5.00000e-20
 131.3000000       5.00000e-20       5.00000e-20
 131.4000000       5.00000e-20       5.00000e-20
 131.5000000       5.00000e-20       5.00000e-20
 131.6000000       5.00000e-20       5.00000e-20
 131.7000000       5.00000e-20       5.00000e-20
 131.8000000       5.00000e-20       5.00000e-20
 131.9000000       5.00000e-20       5.00000e-20
 132.0000000       5.00000e-20       5.00000e-20
 132.1000000       5.00000e-20       5.00000e-20
 132.2000000       5.00000e-20       5.00000e-20
 132.3000000       5.00000e-20       5.00000e-20
 132.4000000       5.00000e-20       5.00000e-20
 132.5000000       5.00000e-20       5.00000e-20
 132.6000000       5.00000e-20       5.00000e-20
 132.7000000       5.00000e-20       5.00000e-20
 132.8000000       5.00000e-20       5.00000e-20
 132.9000000       5.00000e-20       5.00000e-20
 133.0000000       5.00000e-20       5.00000e-20
 133.1000000       5.00000e-20       5.00000e-20
 133.2000000       5.00000e-20       5.00000e-20
 133.3000000       5.00000e-20       5.00000e-20
 133.4000000       5.00000e-20       5.00000e-20
 133.5000000       5.00000e-20       5.00000e-20
 133.6000000       5.00000e-20       5.00000e-20
 133.7000000       5.00000e-20       5.00000e-20
 133.8000000       5.00000e-20       5.00000e-20
 133.9000000       5.00000e-20       5.00000e-20
 134.0000000       5.00000e-20       5.00000e-20
 134.1000000       5.00000e-20       5.00000e-20
 134.2000000       5.00000e-20       5.00000e-20
 134.3000000       5.00000e-20       5.00000e-20
 134.4000000       5.00000e-20       5.00000e-20
 134.5000000       5.00000e-20       5.00000e-20
 134.6000000       5.00000e-20       5.00000e-20
 134.7000000       5.00000e-20       5.00000e-20
 134.8000000       5.00000e-20       5.00000e-20
 134.9000000       5.00000e-20       5.00000e-20
 135.0000000       5.00000e-20       5.00000e-20
 135.1000000       5.00000e-20       5.00000e-20
 135.2000000       5.00000e-20       5.00000e-20
 135.3000000       5.00000e-20       5.00000e-20
 135.4000000       5.00000e-20       5.00000e-20
 135.5000000       5.00000e-20       5.00000e-20
 135.6000000       5.00000e-20       5.00000e-20
 135.7000000       5.00000e-20       5.00000e-20
 135.8000000       5.00000e-20       5.00000e-20
 135.9000000       5.17083e-20       5.17083e-20
 136.0000000       7.50023e-20       7.50023e-20
 136.1000000       1.86407e-19       1.86407e-19
 136.2000000       4.59466e-19       4.59466e-19
 136.3000000       1.07230e-18       1.07230e-18
 136.4000000       2.36946e-18       2.36946e-18
 136.5000000       4.95733e-18       4.95733e-18
 136.6000000       9.81997e-18       9.81997e-18
 136.7000000       1.84177e-17       1.84177e-17
 136.8000000       3.27053e-17       3.27053e-17
 136.9000000       5.49867e-17       5.49867e-17
 137.0000000       8.75292e-17       8.75292e-17
 137.1000000       1.31917e-16       1.31917e-16
 137.2000000       1.88234e-16       1.88234e-16
 137.3000000       2.54300e-16       2.54300e-16
 137.4000000       3.25268e-16       3.25268e-16
 137.5000000       3.93898e-16       3.93898e-16
 137.6000000       4.51618e-16       4.51618e-16
 137.7000000       4.90235e-16       4.90235e-16
 137.8000000       5.03828e-16       5.03828e-16
 137.9000000       4.90235e-16       4.90235e-16
 138.0000000       4.51618e-16       4.51618e-16
 138.1000000       3.93898e-16       3.93898e-16
 138.2000000       3.25268e-16       3.25268e-16
 138.3000000       2.54300e-16       2.54300e-16
 138.4000000       1.88234e-16       1.88234e-16
 138.5000000       1.31917e-16       1.31917e-16
 138.6000000       8.75292e-17       8.75292e-17
 138.7000000       5.49867e-17       5.49867e-17
 138.8000000       3.27053e-17       3.27053e-17
 138.9000000       1.84177e-17       1.84177e-17
 139.0000000       9.81997e-18       9.81997e-18
 139.1000000       4.95733e-18       4.95733e-18
 139.2000000       2.36946e-18       2.36946e-18
 139.3000000       1.07230e-18       1.07230e-18
 139.4000000       4.59466e-19       4.59466e-19
 139.5000000       1.86407e-19       1.86407e-19
 139.6000000       7.50023e-20       7.50023e-20
 139.7000000       5.17083e-20       5.17083e-20
 139.8000000       5.00000e-20       5.00000e-20
 139.9000000       5.00000e-20       5.00000e-20
 140.0000000       5.00000e-20       5.00000e-20
 140.1000000       5.00000e-20       5.00000e-20
 140.2000000       5.00000e-20       5.00000e-20
 140.3000000       5.00000e-20       5.00000e-20
 140.4000000       5.00000e-20       5.00000e-20
 140.5000000       5.00000e-20       5.00000e-20
 140.6000000       5.00000e-20       5.00000e-20
 140.7000000       5.00000e-20       5.00000e-20
 140.8000000       5.00000e-20       5.00000e-20
