7.850000000000000033e-02 3.785925580000000082e+03
7.856861861861862140e-02 3.647550991903899103e+03
7.863723723723724246e-02 3.509176403807798124e+03
7.870585585585584965e-02 3.370801815711725339e+03
7.877447447447447071e-02 3.232427227615624361e+03
7.884309309309309177e-02 3.094052639519523382e+03
7.891171171171171284e-02 2.955678051423422403e+03
7.898033033033033390e-02 2.817303463327321879e+03
7.904894894894895496e-02 2.678928875231220445e+03
7.911756756756756215e-02 2.540554287135148115e+03
7.918618618618618321e-02 2.402179699039046682e+03
7.925480480480480427e-02 2.263805110942946158e+03
7.932342342342342534e-02 2.125430522846845179e+03
7.939204204204204640e-02 1.987055934750744200e+03
7.946066066066066746e-02 1.848681346654643221e+03
7.952927927927927465e-02 1.771195740743242823e+03
7.959789789789789571e-02 1.775519946792792553e+03
7.966651651651651678e-02 1.779844152842342282e+03
7.973513513513513784e-02 1.784168358891892012e+03
7.980375375375375890e-02 1.788492564941441742e+03
7.987237237237236609e-02 1.792816770990990562e+03
7.994099099099098715e-02 1.797140977040540292e+03
8.000960960960960822e-02 1.801465183090089795e+03
8.007822822822822928e-02 1.805789389139639525e+03
8.014684684684685034e-02 1.810113595189189255e+03
8.021546546546547141e-02 1.814437801238738984e+03
8.028408408408407859e-02 1.818762007288287805e+03
8.035270270270269966e-02 1.823086213337837535e+03
8.042132132132132072e-02 1.827410419387387265e+03
8.048993993993994178e-02 1.831734625436936994e+03
8.055855855855856285e-02 1.846987622882883443e+03
8.062717717717718391e-02 1.864118130645646715e+03
8.069579579579579109e-02 1.881248638408406578e+03
8.076441441441441216e-02 1.898379146171170078e+03
8.083303303303303322e-02 1.915509653933933350e+03
8.090165165165165428e-02 1.932640161696696623e+03
8.097027027027027535e-02 1.949770669459460123e+03
8.103888888888888253e-02 1.966901177222219985e+03
8.110750750750750360e-02 1.984031684984983258e+03
8.117612612612612466e-02 2.001162192747746758e+03
8.124474474474474572e-02 2.018292700510510031e+03
8.131336336336336679e-02 2.035423208273273303e+03
8.138198198198198785e-02 2.052553716036036803e+03
8.145060060060059504e-02 2.069684223798796666e+03
8.151921921921921610e-02 2.101138982084077725e+03
8.158783783783783716e-02 2.169411540540536862e+03
8.165645645645645823e-02 2.237684098996995544e+03
8.172507507507507929e-02 2.305956657453454227e+03
8.179369369369368648e-02 2.374229215909899267e+03
8.186231231231230754e-02 2.442501774366358404e+03
8.193093093093092860e-02 2.510774332822817087e+03
8.199954954954954967e-02 2.579046891279275769e+03
8.206816816816817073e-02 2.647319449735734906e+03
8.213678678678679179e-02 2.715592008192193589e+03
8.220540540540539898e-02 2.783864566648638629e+03
8.227402402402402004e-02 2.852137125105097311e+03
8.234264264264264110e-02 2.920409683561556449e+03
8.241126126126126217e-02 2.988682242018015131e+03
8.247987987987988323e-02 3.056954800474473814e+03
8.254849849849850429e-02 3.180828086671175242e+03
8.261711711711711148e-02 3.327767928648628185e+03
8.268573573573573254e-02 3.474707770626110687e+03
8.275435435435435361e-02 3.621647612603593188e+03
8.282297297297297467e-02 3.768587454581075690e+03
8.289159159159159573e-02 3.915527296558558191e+03
8.296021021021021680e-02 4.062467138536040693e+03
8.302882882882882398e-02 4.209406980513493181e+03
8.309744744744744505e-02 4.356346822490975683e+03
8.316606606606606611e-02 4.503286664468459094e+03
8.323468468468468717e-02 4.650226506445941595e+03
8.330330330330330824e-02 4.797166348423424097e+03
8.337192192192191542e-02 4.944106190400876585e+03
8.344054054054053648e-02 5.091046032378359087e+03
8.350915915915915755e-02 5.205574346390399114e+03
8.357777777777777861e-02 5.109693396888894313e+03
8.364639639639639968e-02 5.013812447387389511e+03
8.371501501501502074e-02 4.917931497885884710e+03
8.378363363363362792e-02 4.822050548384399008e+03
8.385225225225224899e-02 4.726169598882894206e+03
8.392087087087087005e-02 4.630288649381389405e+03
8.398948948948949111e-02 4.534407699879884603e+03
8.405810810810811218e-02 4.438526750378379802e+03
8.412672672672671936e-02 4.342645800876894100e+03
8.419534534534534043e-02 4.246764851375389298e+03
8.426396396396396149e-02 4.150883901873885407e+03
8.433258258258258255e-02 4.055002952372380150e+03
8.440120120120120362e-02 3.959122002870875349e+03
8.446981981981982468e-02 3.863241053369370093e+03
8.453843843843843187e-02 3.837746908336331217e+03
8.460705705705705293e-02 3.867517402749244866e+03
8.467567567567567399e-02 3.897287897162158970e+03
8.474429429429429506e-02 3.927058391575073074e+03
8.481291291291291612e-02 3.956828885987986723e+03
8.488153153153153718e-02 3.986599380400900827e+03
8.495015015015014437e-02 4.016369874813808565e+03
8.501876876876876543e-02 4.046140369226722669e+03
8.508738738738738649e-02 4.075910863639636318e+03
8.515600600600600756e-02 4.105681358052550422e+03
8.522462462462462862e-02 4.135451852465464071e+03
8.529324324324324968e-02 4.165222346878378630e+03
8.536186186186185687e-02 4.194992841291285913e+03
8.543048048048047793e-02 4.224763335704200472e+03
8.549909909909909900e-02 4.254533830117114121e+03
8.556771771771772006e-02 4.272240619657656680e+03
8.563633633633634112e-02 4.289786916450450008e+03
8.570495495495494831e-02 4.307333213243240607e+03
8.577357357357356937e-02 4.324879510036033935e+03
8.584219219219219044e-02 4.342425806828827263e+03
8.591081081081081150e-02 4.359972103621621500e+03
8.597942942942943256e-02 4.377518400414414828e+03
8.604804804804805363e-02 4.395064697207208155e+03
8.611666666666666081e-02 4.412610993999998755e+03
8.618528528528528188e-02 4.430157290792792082e+03
8.625390390390390294e-02 4.447703587585586320e+03
8.632252252252252400e-02 4.465249884378379647e+03
8.639114114114114507e-02 4.482796181171172975e+03
8.645975975975975225e-02 4.500342477963963574e+03
8.652837837837837331e-02 4.534981251972973951e+03
8.659699699699699438e-02 4.593856977801804533e+03
8.666561561561561544e-02 4.652732703630636024e+03
8.673423423423423650e-02 4.711608429459466606e+03
8.680285285285285757e-02 4.770484155288297188e+03
8.687147147147146475e-02 4.829359881117115947e+03
8.694009009009008582e-02 4.888235606945947438e+03
8.700870870870870688e-02 4.947111332774778020e+03
8.707732732732732794e-02 5.005987058603608602e+03
8.714594594594594901e-02 5.064862784432440094e+03
8.721456456456455619e-02 5.123738510261258853e+03
8.728318318318317726e-02 5.182614236090089435e+03
8.735180180180179832e-02 5.241489961918920926e+03
8.742042042042041938e-02 5.300365687747751508e+03
8.748903903903904045e-02 5.359241413576582090e+03
8.755765765765766151e-02 5.412876560522529871e+03
8.762627627627628257e-02 5.465515451587096322e+03
8.769489489489488976e-02 5.518154342651651859e+03
8.776351351351351082e-02 5.570793233716218310e+03
8.783213213213213189e-02 5.623432124780784761e+03
8.790075075075075295e-02 5.676071015845351212e+03
8.796936936936937401e-02 5.728709906909917663e+03
8.803798798798798120e-02 5.781348797974473200e+03
8.810660660660660226e-02 5.833987689039039651e+03
8.817522522522522332e-02 5.886626580103606102e+03
8.824384384384384439e-02 5.939265471168172553e+03
8.831246246246246545e-02 5.991904362232739004e+03
8.838108108108108651e-02 6.044543253297305455e+03
8.844969969969969370e-02 6.097182144361860992e+03
8.851831831831831476e-02 6.160077285996998398e+03
8.858693693693693583e-02 6.251135082887391945e+03
8.865555555555555689e-02 6.342192879777785492e+03
8.872417417417417795e-02 6.433250676668179040e+03
8.879279279279278514e-02 6.524308473558554397e+03
8.886141141141140620e-02 6.615366270448947944e+03
8.893003003003002727e-02 6.706424067339341491e+03
8.899864864864864833e-02 6.797481864229735038e+03
8.906726726726726939e-02 6.888539661120128585e+03
8.913588588588589046e-02 6.979597458010522132e+03
8.920450450450449764e-02 7.070655254900897489e+03
8.927312312312311871e-02 7.161713051791291036e+03
8.934174174174173977e-02 7.252770848681684583e+03
8.941036036036036083e-02 7.343828645572078130e+03
8.947897897897898190e-02 7.434886442462471678e+03
8.954759759759758908e-02 7.525886556300293705e+03
8.961621621621621014e-02 7.616861194972969315e+03
8.968483483483483121e-02 7.707835833645645835e+03
8.975345345345345227e-02 7.798810472318321445e+03
8.982207207207207333e-02 7.889785110990997055e+03
8.989069069069069440e-02 7.980759749663672665e+03
8.995930930930931546e-02 8.071734388336348275e+03
9.002792792792792265e-02 8.162709027009005695e+03
9.009654654654654371e-02 8.253683665681681305e+03
9.016516516516516477e-02 8.344658304354357824e+03
9.023378378378378584e-02 8.435632943027034344e+03
9.030240240240240690e-02 8.526607581699709044e+03
9.037102102102101409e-02 8.617582220372367374e+03
9.043963963963963515e-02 8.708556859045042074e+03
9.050825825825825621e-02 8.771478930885883528e+03
9.057687687687687728e-02 8.629362241519511372e+03
9.064549549549549834e-02 8.487245552153141034e+03
9.071411411411411940e-02 8.345128862786768877e+03
9.078273273273272659e-02 8.203012173420427644e+03
9.085135135135134765e-02 8.060895484054055487e+03
9.091996996996996871e-02 7.918778794687685149e+03
9.098858858858858978e-02 7.776662105321313902e+03
9.105720720720721084e-02 7.634545415954942655e+03
9.112582582582581803e-02 7.492428726588599602e+03
9.119444444444443909e-02 7.350312037222228355e+03
9.126306306306306015e-02 7.208195347855857108e+03
9.133168168168168122e-02 7.066078658489485861e+03
9.140030030030030228e-02 6.923961969123114613e+03
9.146891891891892334e-02 6.781845279756743366e+03
9.153753753753753053e-02 6.555342524324346414e+03
9.160615615615615159e-02 6.258968106189200626e+03
9.167477477477477266e-02 5.962593688054055747e+03
9.174339339339339372e-02 5.666219269918909959e+03
9.181201201201201478e-02 5.369844851783764170e+03
9.188063063063062197e-02 5.073470433648679318e+03
9.194924924924924303e-02 4.777096015513533530e+03
9.201786786786786410e-02 4.480721597378387742e+03
9.208648648648648516e-02 4.184347179243242863e+03
9.215510510510510622e-02 3.887972761108097529e+03
9.222372372372372729e-02 3.591598342972951741e+03
9.229234234234234835e-02 3.295223924837806408e+03
9.236096096096095553e-02 2.998849506702721101e+03
9.242957957957957660e-02 2.702475088567575767e+03
9.249819819819819766e-02 2.406100670432429979e+03
9.256681681681681872e-02 2.378317775420419366e+03
9.263543543543543979e-02 2.357777797885884411e+03
9.270405405405404697e-02 2.337237820351353093e+03
9.277267267267266804e-02 2.316697842816817683e+03
9.284129129129128910e-02 2.296157865282282728e+03
9.290990990990991016e-02 2.275617887747747318e+03
9.297852852852853123e-02 2.255077910213212363e+03
9.304714714714715229e-02 2.234537932678676952e+03
9.311576576576575948e-02 2.213997955144146090e+03
9.318438438438438054e-02 2.193457977609610680e+03
9.325300300300300160e-02 2.172918000075075270e+03
9.332162162162162267e-02 2.152378022540540314e+03
9.339024024024024373e-02 2.131838045006004904e+03
9.345885885885885092e-02 2.111298067471474042e+03
9.352747747747747198e-02 2.082433211108111664e+03
9.359609609609609304e-02 2.041103782072073955e+03
9.366471471471471411e-02 1.999774353036036473e+03
9.373333333333333517e-02 1.958444923999998991e+03
9.380195195195195623e-02 1.917115494963961510e+03
9.387057057057056342e-02 1.875786065927932441e+03
9.393918918918918448e-02 1.834456636891894959e+03
9.400780780780780554e-02 1.793127207855857478e+03
9.407642642642642661e-02 1.751797778819819996e+03
9.414504504504504767e-02 1.710468349783782514e+03
9.421366366366365486e-02 1.669138920747753218e+03
9.428228228228227592e-02 1.627809491711715964e+03
9.435090090090089698e-02 1.586480062675678255e+03
9.441951951951951805e-02 1.545150633639641001e+03
9.448813813813813911e-02 1.503821204603603292e+03
9.455675675675676017e-02 1.460614010110808977e+03
9.462537537537538124e-02 1.417014372572819411e+03
9.469399399399398842e-02 1.373414735034838941e+03
9.476261261261260949e-02 1.329815097496849376e+03
9.483123123123123055e-02 1.286215459958859810e+03
9.489984984984985161e-02 1.242615822420870245e+03
9.496846846846845880e-02 1.199016184882889775e+03
9.503708708708707986e-02 1.155416547344900209e+03
9.510570570570570093e-02 1.111816909806910644e+03
9.517432432432432199e-02 1.068217272268921079e+03
9.524294294294294305e-02 1.024617634730931513e+03
9.531156156156156412e-02 9.810179971929421754e+02
9.538018018018018518e-02 9.374183596549526101e+02
9.544879879879879236e-02 8.938187221169719123e+02
9.551741741741741343e-02 8.618833042690688444e+02
9.558603603603603449e-02 8.642366701653152177e+02
9.565465465465465555e-02 8.665900360615614773e+02
9.572327327327327662e-02 8.689434019578078505e+02
9.579189189189188380e-02 8.712967678540536554e+02
9.586051051051050487e-02 8.736501337503000286e+02
9.592912912912912593e-02 8.760034996465462882e+02
9.599774774774774699e-02 8.783568655427926615e+02
9.606636636636636806e-02 8.807102314390390347e+02
9.613498498498498912e-02 8.830635973352852943e+02
9.620360360360361018e-02 8.854169632315316676e+02
9.627222222222221737e-02 8.877703291277774724e+02
9.634084084084083843e-02 8.901236950240238457e+02
9.640945945945945950e-02 8.924770609202702190e+02
9.647807807807808056e-02 8.948304268165164785e+02
9.654669669669668775e-02 1.604723825079706330e+03
9.661531531531530881e-02 2.646774280338601329e+03
9.668393393393392987e-02 3.688824735597496783e+03
9.675255255255255094e-02 4.730875190856391782e+03
9.682117117117117200e-02 5.772925646115287236e+03
9.688978978978979306e-02 6.814976101374181781e+03
9.695840840840841413e-02 7.857026556633077234e+03
9.702702702702702131e-02 8.899077011891760776e+03
9.709564564564564237e-02 9.941127467150656230e+03
9.716426426426426344e-02 1.098317792240955168e+04
9.723288288288288450e-02 1.202522837766844714e+04
9.730150150150149169e-02 1.306727883292713159e+04
9.737012012012011275e-02 1.410932928818602704e+04
9.743873873873873381e-02 1.515137974344492250e+04
9.750735735735735488e-02 1.597680065917425782e+04
9.757597597597597594e-02 1.499844908249254149e+04
9.764459459459459700e-02 1.402009750581082699e+04
9.771321321321321807e-02 1.304174592912911066e+04
9.778183183183182525e-02 1.206339435244759261e+04
9.785045045045044632e-02 1.108504277576587629e+04
9.791906906906906738e-02 1.010669119908416178e+04
9.798768768768768844e-02 9.128339622402445457e+03
9.805630630630629563e-02 8.149988045720927403e+03
9.812492492492491669e-02 7.171636469039211079e+03
9.819354354354353775e-02 6.193284892357496574e+03
9.826216216216215882e-02 5.214933315675780250e+03
9.833078078078077988e-02 4.236581738994063926e+03
9.839939939939940095e-02 3.258230162312349421e+03
9.846801801801802201e-02 2.279878585630633097e+03
9.853663663663664307e-02 1.860159671723725751e+03
9.860525525525525026e-02 1.928099598681672433e+03
9.867387387387387132e-02 1.996039525639632757e+03
9.874249249249249238e-02 2.063979452597593081e+03
9.881111111111111345e-02 2.131919379555553405e+03
9.887972972972972063e-02 2.199859306513500087e+03
9.894834834834834170e-02 2.267799233471460411e+03
9.901696696696696276e-02 2.335739160429420735e+03
9.908558558558558382e-02 2.403679087387380605e+03
9.915420420420420489e-02 2.471619014345341384e+03
9.922282282282282595e-02 2.539558941303301253e+03
9.929144144144144701e-02 2.607498868261262032e+03
9.936006006006005420e-02 2.675438795219208259e+03
9.942867867867867526e-02 2.743378722177168584e+03
9.949729729729729633e-02 2.811318649135128908e+03
9.956591591591591739e-02 2.703645013234240196e+03
9.963453453453452457e-02 2.588770821225250529e+03
9.970315315315314564e-02 2.473896629216237670e+03
9.977177177177176670e-02 2.359022437207224812e+03
9.984039039039038776e-02 2.244148245198211498e+03
9.990900900900900883e-02 2.129274053189198639e+03
9.997762762762762989e-02 2.014399861180185781e+03
1.000462462462462510e-01 1.899525669171172694e+03
1.001148648648648581e-01 1.784651477162182800e+03
1.001834834834834792e-01 1.669777285153169942e+03
1.002521021021021003e-01 1.554903093144156855e+03
1.003207207207207213e-01 1.440028901135143997e+03
1.003893393393393285e-01 1.325154709126154103e+03
1.004579579579579496e-01 1.210280517117141244e+03
1.005265765765765706e-01 1.144613291432430287e+03
1.005951951951951917e-01 1.156787594396394752e+03
1.006638138138138128e-01 1.168961897360358989e+03
1.007324324324324338e-01 1.181136200324323454e+03
1.008010510510510549e-01 1.193310503288287919e+03
1.008696696696696760e-01 1.205484806252252156e+03
1.009382882882882831e-01 1.217659109216214119e+03
1.010069069069069042e-01 1.229833412180178584e+03
1.010755255255255253e-01 1.242007715144142821e+03
1.011441441441441463e-01 1.254182018108107286e+03
1.012127627627627535e-01 1.266356321072069250e+03
1.012813813813813746e-01 1.278530624036033714e+03
1.013499999999999956e-01 1.290704926999997951e+03
1.014186186186186167e-01 1.302879229963962416e+03
1.014872372372372378e-01 1.315053532927926881e+03
1.015558558558558588e-01 1.921323061801767381e+03
1.016244744744744799e-01 2.663340155735737426e+03
1.016930930930930871e-01 3.405357249669557405e+03
1.017617117117117082e-01 4.147374343603527450e+03
1.018303303303303292e-01 4.889391437537497040e+03
1.018989489489489503e-01 5.631408531471467541e+03
1.019675675675675575e-01 6.373425625405287064e+03
1.020361861861861785e-01 7.115442719339257565e+03
1.021048048048047996e-01 7.857459813273227155e+03
1.021734234234234207e-01 8.599476907207197655e+03
1.022420420420420417e-01 9.341494001141167246e+03
1.023106606606606628e-01 1.008351109507513684e+04
1.023792792792792838e-01 1.082552818900910825e+04
1.024478978978978910e-01 1.156754528294292686e+04
1.025165165165165121e-01 1.213736385300300208e+04
1.025851351351351332e-01 1.216397435229729854e+04
1.026537537537537542e-01 1.219058485159159318e+04
1.027223723723723614e-01 1.221719535088588418e+04
1.027909909909909825e-01 1.224380585018017882e+04
1.028596096096096035e-01 1.227041634947447346e+04
1.029282282282282246e-01 1.229702684876876992e+04
1.029968468468468457e-01 1.232363734806306456e+04
1.030654654654654667e-01 1.235024784735735921e+04
1.031340840840840878e-01 1.237685834665165567e+04
1.032027027027026950e-01 1.240346884594594485e+04
1.032713213213213160e-01 1.243007934524023949e+04
1.033399399399399371e-01 1.245668984453453595e+04
1.034085585585585582e-01 1.248330034382883059e+04
1.034771771771771792e-01 1.250991084312312523e+04
1.035457957957957864e-01 1.202870373752256819e+04
1.036144144144144075e-01 1.129442031735137061e+04
1.036830330330330285e-01 1.056013689718017486e+04
1.037516516516516496e-01 9.825853477008977279e+03
1.038202702702702707e-01 9.091570056837781522e+03
1.038888888888888917e-01 8.357286636666583945e+03
1.039575075075075128e-01 7.623003216495387278e+03
1.040261261261261200e-01 6.888719796324339768e+03
1.040947447447447410e-01 6.154436376153143101e+03
1.041633633633633621e-01 5.420152955981946434e+03
1.042319819819819832e-01 4.685869535810749767e+03
1.043006006006005904e-01 3.951586115639702257e+03
1.043692192192192114e-01 3.217302695468504680e+03
1.044378378378378325e-01 2.483019275297308923e+03
1.045064564564564535e-01 1.816026350521020731e+03
1.045750750750750746e-01 1.796900055825824893e+03
1.046436936936936957e-01 1.777773761130629055e+03
1.047123123123123167e-01 1.758647466435433216e+03
1.047809309309309239e-01 1.739521171740241016e+03
1.048495495495495450e-01 1.720394877045045178e+03
1.049181681681681660e-01 1.701268582349849339e+03
1.049867867867867871e-01 1.682142287654653501e+03
1.050554054054053943e-01 1.663015992959461528e+03
1.051240240240240154e-01 1.643889698264265689e+03
1.051926426426426364e-01 1.624763403569069851e+03
1.052612612612612575e-01 1.605637108873874013e+03
1.053298798798798785e-01 1.586510814178678174e+03
1.053984984984984996e-01 1.567384519483482109e+03
1.054671171171171207e-01 1.548258224788286270e+03
1.055357357357357279e-01 1.536450908237237627e+03
1.056043543543543489e-01 1.531378281659159256e+03
1.056729729729729700e-01 1.526305655081081113e+03
1.057415915915915910e-01 1.521233028503002743e+03
1.058102102102102121e-01 1.516160401924924599e+03
1.058788288288288193e-01 1.511087775346847366e+03
1.059474474474474404e-01 1.506015148768768995e+03
1.060160660660660614e-01 1.500942522190690852e+03
1.060846846846846825e-01 1.495869895612612709e+03
1.061533033033033036e-01 1.490797269034534338e+03
1.062219219219219246e-01 1.485724642456456195e+03
1.062905405405405457e-01 1.480652015878377824e+03
1.063591591591591529e-01 1.475579389300300591e+03
1.064277777777777739e-01 1.470506762722222447e+03
1.064963963963963950e-01 1.465434136144144077e+03
1.065650150150150161e-01 1.470998248837838219e+03
1.066336336336336232e-01 1.477151926756756211e+03
1.067022522522522443e-01 1.483305604675675340e+03
1.067708708708708654e-01 1.489459282594594470e+03
1.068394894894894864e-01 1.495612960513513599e+03
1.069081081081081075e-01 1.501766638432432728e+03
1.069767267267267286e-01 1.507920316351351858e+03
1.070453453453453496e-01 1.514073994270270987e+03
1.071139639639639568e-01 1.520227672189188752e+03
1.071825825825825779e-01 1.526381350108107881e+03
1.072512012012011989e-01 1.532535028027027010e+03
1.073198198198198200e-01 1.538688705945946140e+03
1.073884384384384272e-01 1.544842383864864132e+03
1.074570570570570482e-01 1.550996061783783261e+03
1.075256756756756693e-01 1.581886911918913938e+03
1.075942942942942904e-01 1.654151044240237752e+03
1.076629129129129114e-01 1.726415176561561566e+03
1.077315315315315325e-01 1.798679308882885607e+03
1.078001501501501536e-01 1.870943441204209421e+03
1.078687687687687607e-01 1.943207573525518455e+03
1.079373873873873818e-01 2.015471705846842497e+03
1.080060060060060029e-01 2.087735838168166083e+03
1.080746246246246239e-01 2.159999970489489897e+03
1.081432432432432450e-01 2.232264102810813711e+03
1.082118618618618522e-01 2.304528235132122973e+03
1.082804804804804732e-01 2.376792367453446786e+03
1.083490990990990943e-01 2.449056499774770600e+03
1.084177177177177154e-01 2.521320632096094869e+03
1.084863363363363364e-01 2.593584764417418228e+03
1.085549549549549575e-01 2.561088623315312816e+03
1.086235735735735786e-01 2.502545528984980137e+03
1.086921921921921858e-01 2.444002434654659737e+03
1.087608108108108068e-01 2.385459340324327513e+03
1.088294294294294279e-01 2.326916245993995290e+03
1.088980480480480489e-01 2.268373151663662611e+03
1.089666666666666561e-01 2.209830057333342211e+03
1.090352852852852772e-01 2.151286963003009987e+03
1.091039039039038983e-01 2.092743868672677308e+03
1.091725225225225193e-01 2.034200774342345085e+03
1.092411411411411404e-01 1.975657680012012634e+03
1.093097597597597614e-01 1.917114585681680182e+03
1.093783783783783825e-01 1.858571491351347959e+03
1.094469969969969897e-01 1.800028397021027331e+03
1.095156156156156108e-01 1.756624754150149556e+03
1.095842342342342318e-01 1.764607903252251845e+03
1.096528528528528529e-01 1.772591052354354360e+03
1.097214714714714601e-01 1.780574201456455057e+03
1.097900900900900811e-01 1.788557350558557346e+03
1.098587087087087022e-01 1.796540499660659862e+03
1.099273273273273233e-01 1.804523648762762150e+03
1.099959459459459443e-01 1.812506797864864666e+03
1.100645645645645654e-01 1.820489946966966954e+03
1.101331831831831864e-01 1.828473096069069243e+03
1.102018018018018075e-01 1.836456245171171759e+03
1.102704204204204147e-01 1.844439394273272455e+03
1.103390390390390358e-01 1.852422543375374971e+03
1.104076576576576568e-01 1.860405692477477260e+03
1.104762762762762640e-01 1.868388841579577957e+03
1.105448948948948851e-01 1.863368621202704617e+03
1.106135135135135061e-01 1.851477055081082426e+03
1.106821321321321272e-01 1.839585488959460463e+03
1.107507507507507483e-01 1.827693922837838500e+03
1.108193693693693693e-01 1.815802356716216536e+03
1.108879879879879904e-01 1.803910790594594346e+03
1.109566066066066115e-01 1.792019224472972383e+03
1.110252252252252186e-01 1.780127658351352693e+03
1.110938438438438397e-01 1.768236092229730730e+03
1.111624624624624608e-01 1.756344526108108766e+03
1.112310810810810680e-01 1.744452959986489077e+03
1.112996996996996890e-01 1.732561393864867114e+03
1.113683183183183101e-01 1.720669827743245150e+03
1.114369369369369311e-01 1.708778261621622960e+03
1.115055555555555522e-01 1.698832442555554735e+03
1.115741741741741733e-01 1.710973481957957574e+03
1.116427927927927943e-01 1.723114521360360413e+03
1.117114114114114154e-01 1.735255560762763253e+03
1.117800300300300365e-01 1.747396600165166092e+03
1.118486486486486436e-01 1.759537639567566430e+03
1.119172672672672647e-01 1.771678678969969042e+03
1.119858858858858719e-01 1.783819718372369607e+03
1.120545045045044930e-01 1.795960757774772219e+03
1.121231231231231140e-01 1.808101797177175058e+03
1.121917417417417351e-01 1.820242836579577897e+03
1.122603603603603561e-01 1.832383875981980736e+03
1.123289789789789772e-01 1.844524915384383576e+03
1.123975975975975983e-01 1.856665954786786415e+03
1.124662162162162193e-01 1.868806994189189254e+03
1.125348348348348404e-01 1.859797928810809481e+03
1.126034534534534476e-01 1.830276908364868632e+03
1.126720720720720686e-01 1.800755887918921644e+03
1.127406906906906897e-01 1.771234867472974656e+03
1.128093093093092969e-01 1.741713847027033580e+03
1.128779279279279180e-01 1.712192826581086592e+03
1.129465465465465390e-01 1.682671806135139832e+03
1.130151651651651601e-01 1.653150785689192617e+03
1.130837837837837812e-01 1.623629765243245856e+03
1.131524024024024022e-01 1.594108744797298868e+03
1.132210210210210233e-01 1.564587724351351881e+03
1.132896396396396443e-01 1.535066703905404893e+03
1.133582582582582515e-01 1.505545683459463817e+03
1.134268768768768726e-01 1.476024663013517056e+03
1.134954954954954937e-01 1.446503642567569841e+03
1.135641141141141008e-01 1.414612805909767758e+03
1.136327327327327219e-01 1.382555471625832752e+03
1.137013513513513430e-01 1.350498137341897746e+03
1.137699699699699640e-01 1.318440803057962512e+03
1.138385885885885851e-01 1.286383468774027506e+03
1.139072072072072062e-01 1.254326134490092500e+03
1.139758258258258272e-01 1.222268800206157493e+03
1.140444444444444483e-01 1.190211465922222487e+03
1.141130630630630693e-01 1.158154131638287254e+03
1.141816816816816765e-01 1.126096797354358841e+03
1.142503003003002976e-01 1.094039463070423835e+03
1.143189189189189048e-01 1.061982128786495196e+03
1.143875375375375258e-01 1.029924794502560189e+03
1.144561561561561469e-01 9.978674602186251832e+02
1.145247747747747680e-01 9.929519603851280181e+02
1.145933933933933890e-01 1.036069282730624991e+03
1.146620120120120101e-01 1.079186605076122078e+03
1.147306306306306312e-01 1.122303927421618937e+03
1.147992492492492522e-01 1.165421249767116024e+03
1.148678678678678733e-01 1.208538572112613110e+03
1.149364864864864805e-01 1.251655894458101329e+03
1.150051051051051015e-01 1.294773216803598189e+03
1.150737237237237226e-01 1.337890539149095275e+03
1.151423423423423298e-01 1.381007861494583494e+03
1.152109609609609508e-01 1.424125183840080581e+03
1.152795795795795719e-01 1.467242506185577440e+03
1.153481981981981930e-01 1.510359828531074527e+03
1.154168168168168140e-01 1.553477150876571613e+03
1.154854354354354351e-01 1.596594473222068473e+03
1.155540540540540562e-01 1.617079042972972275e+03
1.156226726726726772e-01 1.631465343274774568e+03
1.156912912912912844e-01 1.645851643576573906e+03
1.157599099099099055e-01 1.660237943878376200e+03
1.158285285285285265e-01 1.674624244180178493e+03
1.158971471471471337e-01 1.689010544481978059e+03
1.159657657657657548e-01 1.703396844783780352e+03
1.160343843843843759e-01 1.717783145085582646e+03
1.161030030030029969e-01 1.732169445387384940e+03
1.161716216216216180e-01 1.746555745689187006e+03
1.162402402402402390e-01 1.760942045990989300e+03
1.163088588588588601e-01 1.775328346292791593e+03
1.163774774774774812e-01 1.789714646594593887e+03
1.164460960960961022e-01 1.804100946896396181e+03
1.165147147147147094e-01 1.903851554660591773e+03
1.165833333333333305e-01 2.316314268333284417e+03
1.166519519519519377e-01 2.728776982005893842e+03
1.167205705705705587e-01 3.141239695678586941e+03
1.167891891891891798e-01 3.553702409351279130e+03
1.168578078078078009e-01 3.966165123023972228e+03
1.169264264264264219e-01 4.378627836696665327e+03
1.169950450450450430e-01 4.791090550369357516e+03
1.170636636636636640e-01 5.203553264042050614e+03
1.171322822822822851e-01 5.616015977714743713e+03
1.172009009009009062e-01 6.028478691387435902e+03
1.172695195195195134e-01 6.440941405060045327e+03
1.173381381381381344e-01 6.853404118732737516e+03
1.174067567567567555e-01 7.265866832405430614e+03
1.174753753753753627e-01 7.678329546078040039e+03
1.175439939939939837e-01 7.571924676235757033e+03
1.176126126126126048e-01 7.175095629954962533e+03
1.176812312312312259e-01 6.778266583674168032e+03
1.177498498498498469e-01 6.381437537393373532e+03
1.178184684684684680e-01 5.984608491112579031e+03
1.178870870870870891e-01 5.587779444831783621e+03
1.179557057057057101e-01 5.190950398550989121e+03
1.180243243243243173e-01 4.794121352270274656e+03
1.180929429429429384e-01 4.397292305989480155e+03
1.181615615615615594e-01 4.000463259708686110e+03
1.182301801801801666e-01 3.603634213427972099e+03
1.182987987987987877e-01 3.206805167147177599e+03
1.183674174174174087e-01 2.809976120866382189e+03
1.184360360360360298e-01 2.413147074585587688e+03
1.185046546546546509e-01 2.065608225150159797e+03
1.185732732732732719e-01 2.395412080750771565e+03
1.186418918918918930e-01 2.725215936351383789e+03
1.187105105105105141e-01 3.055019791951995558e+03
1.187791291291291212e-01 3.384823647552540933e+03
1.188477477477477423e-01 3.714627503153153157e+03
1.189163663663663634e-01 4.044431358753764925e+03
1.189849849849849706e-01 4.374235214354310301e+03
1.190536036036035916e-01 4.704039069954922525e+03
1.191222222222222127e-01 5.033842925555534748e+03
1.191908408408408337e-01 5.363646781156146062e+03
1.192594594594594548e-01 5.693450636756758286e+03
1.193280780780780759e-01 6.023254492357369600e+03
1.193966966966966969e-01 6.353058347957981823e+03
1.194653153153153180e-01 6.682862203558594047e+03
1.195339339339339391e-01 6.817820588762752777e+03
1.196025525525525463e-01 6.753622763075076364e+03
1.196711711711711673e-01 6.689424937387386308e+03
1.197397897897897884e-01 6.625227111699696252e+03
1.198084084084083956e-01 6.973522564053940187e+03
1.198770270270270166e-01 7.457049725135047083e+03
1.199456456456456377e-01 7.802134595735696166e+03
1.200142642642642588e-01 7.758918013813828111e+03
1.200828828828828798e-01 7.366715235675700569e+03
1.201515015015015009e-01 6.823987733513561579e+03
1.202201201201201219e-01 6.473443918558554287e+03
1.202887387387387430e-01 7.026994676126158083e+03
1.203573573573573502e-01 1.090049252642583451e+04
1.204259759759759713e-01 2.070185356816776402e+04
1.204945945945945923e-01 3.512858637837863353e+04
1.205632132132131995e-01 4.891815214083850151e+04
1.206318318318318206e-01 5.473887098288274865e+04
1.207004504504504416e-01 4.958668992252458702e+04
1.207690690690690627e-01 3.572688587657782773e+04
1.208376876876876838e-01 2.215538646216295820e+04
1.209063063063063048e-01 1.360677136756737309e+04
1.209749249249249259e-01 1.148176375495495995e+04
1.210435435435435469e-01 1.309138221771770623e+04
1.211121621621621541e-01 1.923194380810691291e+04
1.211807807807807752e-01 5.150223090810445865e+04
1.212493993993993963e-01 1.994406581153156585e+05
1.213180180180180034e-01 7.042902016304442659e+05
1.213866366366366245e-01 1.552845180960854748e+06
1.214552552552552456e-01 2.541673735044909175e+06
1.215238738738738666e-01 3.186643493063023780e+06
1.215924924924924877e-01 3.153653317507527769e+06
1.216611111111111088e-01 2.420132323333310895e+06
1.217297297297297298e-01 1.441368959999989253e+06
1.217983483483483509e-01 6.259795683423714945e+05
1.218669669669669720e-01 2.157630247267046943e+05
1.219355855855855791e-01 6.783591601802615332e+04
1.220042042042042002e-01 2.920949750600638799e+04
1.220728228228228213e-01 1.820100541621672892e+04
1.221414414414414285e-01 1.262101843333388570e+04
1.222100600600600495e-01 9.837197166396730609e+03
1.222786786786786706e-01 8.212235413663867803e+03
1.223472972972972916e-01 7.100264523783877848e+03
1.224159159159159127e-01 6.338531747567574712e+03
1.224845345345345338e-01 5.782659121261262953e+03
1.225531531531531548e-01 5.402709838738753206e+03
1.226217717717717759e-01 5.195117388648635824e+03
1.226903903903903831e-01 5.071865512102116554e+03
1.227590090090090041e-01 4.975591697747755461e+03
1.228276276276276252e-01 4.829750744564579691e+03
1.228962462462462324e-01 4.625470046696726968e+03
1.229648648648648535e-01 4.374213375945998450e+03
1.230334834834834745e-01 4.117847141561607714e+03
1.231021021021020956e-01 3.912478293363378270e+03
1.231707207207207166e-01 3.786176689099103442e+03
1.232393393393393377e-01 3.717586969279279856e+03
1.233079579579579588e-01 3.680655446426428625e+03
1.233765765765765798e-01 3.646853708468465811e+03
1.234451951951951870e-01 3.593792843183193327e+03
1.235138138138138081e-01 3.620083075855847255e+03
1.235824324324324291e-01 4.009108755135118827e+03
1.236510510510510363e-01 4.969110120750507122e+03
1.237196696696696574e-01 6.553806746966602987e+03
1.237882882882882785e-01 8.109600116126032844e+03
1.238569069069068995e-01 8.797069516396426479e+03
1.239255255255255206e-01 8.264626653273353440e+03
1.239941441441441417e-01 7.055719596486529554e+03
1.240627627627627627e-01 6.075480138468438781e+03
1.241313813813813838e-01 5.847918895825829168e+03
1.242000000000000048e-01 6.073962550000000192e+03
1.242686186186186120e-01 6.074741361591610257e+03
1.243372372372372331e-01 5.484459239699749560e+03
1.244058558558558403e-01 4.471884671261455878e+03
1.244744744744744613e-01 3.556551973783952690e+03
1.245430930930930824e-01 3.004493327537572441e+03
1.246117117117117035e-01 2.836037812882885646e+03
1.246803303303303245e-01 2.824901580000000195e+03
1.247489489489489456e-01 2.809478265465466393e+03
1.248175675675675667e-01 2.788839844594594524e+03
1.248861861861861877e-01 2.798065448018019197e+03
1.249548048048048088e-01 2.838767279819819123e+03
1.250234234234234298e-01 2.857469594954955937e+03
1.250920420420420509e-01 2.879407243033041595e+03
1.251606606606606720e-01 2.966644696786790064e+03
1.252292792792792653e-01 3.185497116306238240e+03
1.252978978978978863e-01 3.486808595645616606e+03
1.253665165165165074e-01 3.706847422852841191e+03
1.254351351351351285e-01 3.784386162972969032e+03
1.255037537537537495e-01 3.733537982012016528e+03
1.255723723723723706e-01 3.681543428288287487e+03
1.256409909909909917e-01 3.739448189279268718e+03
1.257096096096096127e-01 4.048438575945929642e+03
1.257782282282282060e-01 4.715939186035795501e+03
1.258468468468468271e-01 5.699588661621472056e+03
1.259154654654654482e-01 6.693577368287981699e+03
1.259840840840840692e-01 7.194271057237177956e+03
1.260527027027026903e-01 6.894539028919032717e+03
1.261213213213213113e-01 5.778357482132305449e+03
1.261899399399399324e-01 4.735594999159352483e+03
1.262585585585585535e-01 4.825077889099005915e+03
1.263271771771771745e-01 6.396582083723869800e+03
1.263957957957957956e-01 8.691941306936565525e+03
1.264644144144144167e-01 1.024628263603601590e+04
1.265330330330330377e-01 9.971552528228121446e+03
1.266016516516516588e-01 8.118756573332746484e+03
1.266702702702702799e-01 5.670732721081106320e+03
1.267388888888888732e-01 3.697996664444905491e+03
1.268075075075074942e-01 2.631007422882943501e+03
1.268761261261261153e-01 2.250719679009048377e+03
1.269447447447447364e-01 2.134502552582598582e+03
1.270133633633633574e-01 2.130011670480479552e+03
1.270819819819819785e-01 2.128363066036034979e+03
1.271506006006005995e-01 2.101465068588587201e+03
1.272192192192192206e-01 2.133272467777772363e+03
1.272878378378378417e-01 2.301269435675695149e+03
1.273564564564564350e-01 2.641859784954856877e+03
1.274250750750750560e-01 3.076231033573389141e+03
1.274936936936936771e-01 3.468259128017912190e+03
1.275623123123122982e-01 3.732482587357335888e+03
1.276309309309309192e-01 3.842924162492478899e+03
1.276995495495495403e-01 3.856236685765766651e+03
1.277681681681681614e-01 3.782530125225235679e+03
1.278367867867867824e-01 3.683632381441437701e+03
1.279054054054054035e-01 3.569489650540575894e+03
1.279740240240240245e-01 3.382044315075092072e+03
1.280426426426426456e-01 3.092356728288264549e+03
1.281112612612612667e-01 2.692555112252159688e+03
1.281798798798798877e-01 2.291840029008963029e+03
1.282484984984985088e-01 1.983945072102072345e+03
1.283171171171171021e-01 1.836692068738751004e+03
1.283857357357357232e-01 1.776782056816817203e+03
1.284543543543543442e-01 1.756180032642636888e+03
1.285229729729729653e-01 1.806755261891878945e+03
1.285915915915915864e-01 1.988450517237243048e+03
1.286602102102102074e-01 2.354435841201242965e+03
1.287288288288288285e-01 2.832795201351308606e+03
1.287974474474474496e-01 3.248162071051073326e+03
1.288660660660660706e-01 3.390334626636629764e+03
1.289346846846846639e-01 3.252827641711791784e+03
1.290033033033032850e-01 2.909748013693819757e+03
1.290719219219219061e-01 2.519484978498559485e+03
1.291405405405405271e-01 2.205366828648654973e+03
1.292091591591591482e-01 2.052043492192194208e+03
1.292777777777777692e-01 2.104638528888870042e+03
1.293463963963963903e-01 2.338805087657660806e+03
1.294150150150150114e-01 2.714827574204218308e+03
1.294836336336336324e-01 3.071496315915883770e+03
1.295522522522522535e-01 3.290297781621624836e+03
1.296208708708708746e-01 3.343893623633634434e+03
1.296894894894894956e-01 3.362282962942943414e+03
1.297581081081081167e-01 3.496023284054074338e+03
1.298267267267267377e-01 3.847269476937045056e+03
1.298953453453453311e-01 4.752219276906866071e+03
1.299639639639639521e-01 7.467225181169936150e+03
1.300325825825825732e-01 1.224323084071990888e+04
1.301012012012011942e-01 1.793035129579577551e+04
1.301698198198198153e-01 2.275394072432425310e+04
1.302384384384384364e-01 2.584118787897868970e+04
1.303070570570570574e-01 2.849343060900912315e+04
1.303756756756756785e-01 3.291214884054146387e+04
1.304442942942942718e-01 3.810920238588361099e+04
1.305129129129128929e-01 4.045840122282318043e+04
1.305815315315315139e-01 3.728464811801912583e+04
1.306501501501501350e-01 2.906294323753807112e+04
1.307187687687687561e-01 1.928474992672942608e+04
1.307873873873873771e-01 1.200248810000099729e+04
1.308560060060059982e-01 8.225988292252281099e+03
1.309246246246246193e-01 7.001039249819867109e+03
1.309932432432432403e-01 6.373690939459538640e+03
1.310618618618618614e-01 5.589303575945933517e+03
1.311304804804804824e-01 4.717245688918783344e+03
1.311990990990991035e-01 3.969717072612677384e+03
1.312677177177177246e-01 3.460350948498478374e+03
1.313363363363363456e-01 3.099460628888829433e+03
1.314049549549549389e-01 2.934069398468464442e+03
1.314735735735735600e-01 3.020990229008948518e+03
1.315421921921921811e-01 3.276803293513460176e+03
1.316108108108108021e-01 3.589960662702694208e+03
1.316794294294294232e-01 3.804715242582562496e+03
1.317480480480480443e-01 3.909643291291279183e+03
1.318166666666666653e-01 3.848943553333333512e+03
1.318852852852852864e-01 3.610882950060015901e+03
1.319539039039039074e-01 3.215750546967021364e+03
1.320225225225225008e-01 2.752592501531691596e+03
1.320911411411411218e-01 2.414571488198260340e+03
1.321597597597597429e-01 2.335453294624609498e+03
1.322283783783783639e-01 2.470834929999934502e+03
1.322969969969969850e-01 2.667178336486448188e+03
1.323656156156156061e-01 2.768849216156155308e+03
1.324342342342342271e-01 2.749808445495506021e+03
1.325028528528528482e-01 2.671792952312322996e+03
1.325714714714714693e-01 2.627542813273273168e+03
1.326400900900900903e-01 2.719423997297316873e+03
1.327087087087087114e-01 3.027530039819762351e+03
1.327773273273273325e-01 3.499440576456465806e+03
1.328459459459459535e-01 3.955491075946016736e+03
1.329145645645645746e-01 4.126028269879867366e+03
1.329831831831831679e-01 3.933284123003119475e+03
1.330518018018017889e-01 3.528918836936937623e+03
1.331204204204204100e-01 4.131898446996870916e+03
1.331890390390390311e-01 8.455780422491086938e+03
1.332576576576576521e-01 1.993003267387068991e+04
1.333262762762762732e-01 4.006743221981914394e+04
1.333948948948948943e-01 6.324793429099368950e+04
1.334635135135135153e-01 7.849012309459369862e+04
1.335321321321321086e-01 7.868868278018289129e+04
1.336007507507507297e-01 6.344980572643246705e+04
1.336693693693693508e-01 4.002721800811417779e+04
1.337379879879879718e-01 1.987708104595257464e+04
1.338066066066065929e-01 7.765770796007263016e+03
1.338752252252252140e-01 3.489407051531678007e+03
1.339438438438438350e-01 2.552911869009119073e+03
1.340124624624624561e-01 2.498886593543537401e+03
1.340810810810810771e-01 2.544203046216213806e+03
1.341496996996996982e-01 2.592030606876881393e+03
1.342183183183183193e-01 2.614153859879879292e+03
1.342869369369369403e-01 2.607504873423423760e+03
1.343555555555555614e-01 2.596663423333334777e+03
1.344241741741741825e-01 2.605470510690692663e+03
1.344927927927928035e-01 2.615234727837838818e+03
1.345614114114113968e-01 2.649098338678668370e+03
1.346300300300300179e-01 2.690884680600596766e+03
1.346986486486486390e-01 2.740233464324327088e+03
1.347672672672672600e-01 2.816498457027006225e+03
1.348358858858858811e-01 2.984924853933920531e+03
1.349045045045045021e-01 3.383973139099154650e+03
1.349731231231231232e-01 4.071438895976012645e+03
1.350417417417417443e-01 4.857682300120100081e+03
1.351103603603603376e-01 5.355762977657619558e+03
1.351789789789789586e-01 5.332628008408441019e+03
1.352475975975975797e-01 5.016213466156289542e+03
1.353162162162162008e-01 4.992339719189103562e+03
1.353848348348348218e-01 5.594180233723633137e+03
1.354534534534534429e-01 6.655281108018029954e+03
1.355220720720720640e-01 7.483481893513402611e+03
1.355906906906906850e-01 7.659055864294297862e+03
1.356593093093093061e-01 7.184543230360311100e+03
1.357279279279279272e-01 6.540439630720725290e+03
1.357965465465465482e-01 6.035342394954973315e+03
1.358651651651651693e-01 5.679627148918882085e+03
1.359337837837837903e-01 5.282897088648535828e+03
1.360024024024024114e-01 4.821245712192195242e+03
1.360710210210210047e-01 4.361512248498612280e+03
1.361396396396396258e-01 4.031119190630661706e+03
1.362082582582582468e-01 3.902466610360360391e+03
1.362768768768768679e-01 3.914552694474467899e+03
1.363454954954954890e-01 3.945031754504501805e+03
1.364141141141141100e-01 3.872631694144136873e+03
1.364827327327327311e-01 3.727191059849859812e+03
1.365513513513513522e-01 3.588879796216221621e+03
1.366199699699699732e-01 3.516406947147146184e+03
1.366885885885885665e-01 3.544775225165155462e+03
1.367572072072071876e-01 3.687086073243157443e+03
1.368258258258258087e-01 3.900847120330264715e+03
1.368944444444444297e-01 4.139661052222189937e+03
1.369630630630630508e-01 4.392457141711691293e+03
1.370316816816816718e-01 4.582046021741703044e+03
1.371003003003002929e-01 4.666892454174176237e+03
1.371689189189189140e-01 4.624582055135130759e+03
1.372375375375375350e-01 4.474781549489510326e+03
1.373061561561561561e-01 4.240877018108125412e+03
1.373747747747747772e-01 3.997546728288270970e+03
1.374433933933933982e-01 3.798532090240199977e+03
1.375120120120120193e-01 3.659583950090093367e+03
1.375806306306306404e-01 3.595550616486482340e+03
1.376492492492492337e-01 3.600270776096092959e+03
1.377178678678678547e-01 3.681288678648631503e+03
1.377864864864864758e-01 3.813733405675636732e+03
1.378551051051050969e-01 4.000338061921901044e+03
1.379237237237237179e-01 4.171395672282286796e+03
1.379923423423423390e-01 4.308869900810789659e+03
1.380609609609609600e-01 4.366749189069071690e+03
1.381295795795795811e-01 4.314816500780775641e+03
1.381981981981981744e-01 4.200116955225250422e+03
1.382668168168167955e-01 4.062358871231289413e+03
1.383354354354354165e-01 3.957485412762788656e+03
1.384040540540540376e-01 3.908096588648646048e+03
1.384726726726726587e-01 3.941214139399386113e+03
1.385412912912912797e-01 4.032760511831801978e+03
1.386099099099099008e-01 4.153923435585567859e+03
1.386785285285285219e-01 4.272866393783785497e+03
1.387471471471471429e-01 4.356035115945929647e+03
1.388157657657657640e-01 4.367760914594596215e+03
1.388843843843843850e-01 4.346114405885884480e+03
1.389530030030030061e-01 4.340619076036090519e+03
1.390216216216216272e-01 5.000855656756665667e+03
1.390902402402402482e-01 7.429005339429682863e+03
1.391588588588588415e-01 1.250921937747628726e+04
1.392274774774774626e-01 1.920978052161989763e+04
1.392960960960960837e-01 2.496783081020867394e+04
1.393647147147147047e-01 2.692082001621634481e+04
1.394333333333333258e-01 2.446389810000000216e+04
1.395019519519519469e-01 1.891998382042205412e+04
1.395705705705705679e-01 1.286441789249311114e+04
1.396391891891891890e-01 8.198820985945812936e+03
1.397078078078078101e-01 5.795320219969879872e+03
1.397764264264264034e-01 5.372831256156086965e+03
1.398450450450450244e-01 5.744046240270103226e+03
1.399136636636636455e-01 6.654029186185911385e+03
1.399822822822822666e-01 8.446125381741061574e+03
1.400509009009008876e-01 1.120665149819714316e+04
1.401195195195195087e-01 1.458788064023972220e+04
1.401881381381381297e-01 1.725977551441438118e+04
1.402567567567567508e-01 1.816188300000021263e+04
1.403253753753753719e-01 1.683896429189217815e+04
1.403939939939939929e-01 1.408187362012006633e+04
1.404626126126126140e-01 1.101241163333316217e+04
1.405312312312312351e-01 8.547239452222424006e+03
1.405998498498498561e-01 6.949586952522451611e+03
1.406684684684684772e-01 6.283880510450379916e+03
1.407370870870870705e-01 6.003742428018031205e+03
1.408057057057056916e-01 5.844370589849870157e+03
1.408743243243243126e-01 5.814881407027020941e+03
1.409429429429429337e-01 5.900808711651648082e+03
1.410115615615615547e-01 6.068150602732736843e+03
1.410801801801801758e-01 6.248703124144118192e+03
1.411487987987987969e-01 6.371551040180180280e+03
1.412174174174173902e-01 6.355090523063082401e+03
1.412860360360360112e-01 6.264610464144185244e+03
1.413546546546546323e-01 6.128548285705745002e+03
1.414232732732732534e-01 6.036772635225239355e+03
1.414918918918918744e-01 6.011141111081081362e+03
1.415605105105104955e-01 6.039443873363346029e+03
1.416291291291291166e-01 6.084647516396389619e+03
1.416977477477477376e-01 6.117765062252251482e+03
1.417663663663663587e-01 6.107629636426427169e+03
1.418349849849849798e-01 6.070941938228234903e+03
1.419036036036036008e-01 6.026677245675676204e+03
1.419722222222222219e-01 5.983879174444439741e+03
1.420408408408408429e-01 5.960831541651652515e+03
1.421094594594594640e-01 5.964532705405406887e+03
1.421780780780780851e-01 6.090717851351384525e+03
1.422466966966967061e-01 6.412001765015133969e+03
1.423153153153153272e-01 6.955973904774808034e+03
1.423839339339339205e-01 7.524369335165057237e+03
1.424525525525525416e-01 7.891628405285283407e+03
1.425211711711711626e-01 7.824971148738762167e+03
1.425897897897897837e-01 7.425009399279362697e+03
1.426584084084084048e-01 6.879319516306319201e+03
1.427270270270270258e-01 6.433433550540496981e+03
1.427956456456456191e-01 6.164347996336447977e+03
1.428642642642642402e-01 6.151996236156097439e+03
1.429328828828828613e-01 6.357401475585518710e+03
1.430015015015014823e-01 6.714648858017954808e+03
1.430701201201201034e-01 7.265302745855642570e+03
1.431387387387387244e-01 7.840190664324200952e+03
1.432073573573573455e-01 8.274081523573555387e+03
1.432759759759759666e-01 8.412709411891893978e+03
1.433445945945945876e-01 8.279427644324361609e+03
1.434132132132132087e-01 7.956447820900913939e+03
1.434818318318318298e-01 7.643516084654624137e+03
1.435504504504504508e-01 7.414666535855875736e+03
1.436190690690690719e-01 7.299730441801802044e+03
1.436876876876876930e-01 7.226879109699690162e+03
1.437563063063063140e-01 7.130343266666644922e+03
1.438249249249249351e-01 7.033880214444441663e+03
1.438935435435435561e-01 6.946915707267253310e+03
1.439621621621621494e-01 6.897388594594593087e+03
1.440307807807807705e-01 6.906621473573572075e+03
1.440993993993993916e-01 6.952054391981970184e+03
1.441680180180180126e-01 7.019057379459455660e+03
1.442366366366366337e-01 7.100228133513521243e+03
1.443052552552552270e-01 7.225750926486428398e+03
1.443738738738738481e-01 7.335304508648595402e+03
1.444424924924924691e-01 7.452831779909877696e+03
1.445111111111110902e-01 7.530377797777768137e+03
1.445797297297297113e-01 7.554164206756757267e+03
1.446483483483483323e-01 7.504455132312329624e+03
1.447169669669669534e-01 7.415037743513525129e+03
1.447855855855855745e-01 7.299231852792822792e+03
1.448542042042041955e-01 7.208457014354366947e+03
1.449228228228228166e-01 7.163526321321322939e+03
1.449914414414414376e-01 7.172038626396398286e+03
1.450600600600600587e-01 7.225066738948937200e+03
1.451286786786786798e-01 7.301746607357354151e+03
1.451972972972973008e-01 7.413225378378390815e+03
1.452659159159159219e-01 7.583988196456479272e+03
1.453345345345345430e-01 7.766935369669668944e+03
1.454031531531531640e-01 7.941530369369388609e+03
1.454717717717717573e-01 8.044504115585581530e+03
1.455403903903903784e-01 8.053387622882886717e+03
1.456090090090089995e-01 7.997943025675686840e+03
1.456776276276276205e-01 7.958762413423425642e+03
1.457462462462462416e-01 7.960138071141142063e+03
1.458148648648648626e-01 8.034201279999977487e+03
1.458834834834834560e-01 8.131104693363327897e+03
1.459521021021020770e-01 8.176286491321311587e+03
1.460207207207206981e-01 8.216769967387366705e+03
1.460893393393393191e-01 8.329307769609546085e+03
1.461579579579579402e-01 8.555860932522438816e+03
1.462265765765765613e-01 8.857267030540500855e+03
1.462951951951951823e-01 9.115008920180096538e+03
1.463638138138138034e-01 9.199411360000000059e+03
1.464324324324324245e-01 9.180545277837842150e+03
1.465010510510510455e-01 9.224038446126136478e+03
1.465696696696696666e-01 9.548794241050949495e+03
1.466382882882882877e-01 1.008996051711707878e+04
1.467069069069069087e-01 1.066857500060063649e+04
1.467755255255255298e-01 1.101616372702703120e+04
1.468441441441441508e-01 1.101484633693694013e+04
1.469127627627627719e-01 1.074620111741738583e+04
1.469813813813813930e-01 1.056068097777775984e+04
1.470499999999999863e-01 1.085363299999999981e+04
