5.100e-03   1.166e-01
5.200e-03   3.047e-02
5.300e-03   8.932e-03
5.400e-03   1.998e-02
5.500e-03   1.488e-02
5.600e-03   1.678e-02
5.700e-03   1.563e-02
5.800e-03   1.403e-02
5.900e-03   1.433e-02
6.000e-03   2.286e-02
6.100e-03   2.976e-02
6.200e-03   1.959e-02
6.300e-03   2.194e-02
6.400e-03   1.377e-02
6.500e-03   7.445e-03
6.600e-03   1.272e-02
6.700e-03   1.316e-02
6.800e-03   7.244e-03
6.900e-03   1.169e-02
7.000e-03   2.793e-02
7.100e-03   2.103e-02
7.200e-03   1.632e-02
7.300e-03   5.644e-03
7.400e-03   1.177e-02
7.500e-03   7.476e-02
7.600e-03   2.445e-02
7.700e-03   4.684e-03
7.800e-03   2.113e-05
7.900e-03   1.274e-02
8.000e-03   2.482e-02
8.100e-03   1.325e-02
8.200e-03   1.669e-02
8.300e-03   9.572e-03
8.400e-03   3.040e-02
8.500e-03   1.685e-02
8.600e-03   7.751e-03
8.700e-03   1.702e-02
8.800e-03   1.991e-02
8.900e-03   6.230e-03
9.000e-03   1.441e-02
9.100e-03   1.604e-02
9.200e-03   1.289e-02
9.300e-03   1.223e-02
9.400e-03   1.159e-02
9.500e-03   1.169e-02
9.600e-03   2.422e-02
9.700e-03   1.000e-02
9.800e-03   2.313e-02
9.900e-03   9.899e-03
1.000e-02   1.757e-02
1.010e-02   2.443e-02
1.020e-02   2.443e-02
1.030e-02   2.443e-02
1.040e-02   2.443e-02
1.050e-02   2.443e-02
1.060e-02   2.443e-02
1.070e-02   2.443e-02
1.080e-02   2.443e-02
1.090e-02   2.443e-02
1.100e-02   2.443e-02
1.110e-02   2.443e-02
1.120e-02   2.443e-02
1.130e-02   2.443e-02
1.140e-02   2.443e-02
1.150e-02   2.443e-02
1.160e-02   2.443e-02
1.170e-02   2.443e-02
1.180e-02   2.443e-02
1.190e-02   2.443e-02
1.200e-02   2.443e-02
1.210e-02   2.443e-02
1.220e-02   2.443e-02
1.230e-02   2.443e-02
1.240e-02   2.443e-02
1.250e-02   2.443e-02
1.260e-02   2.443e-02
1.270e-02   2.443e-02
1.280e-02   2.443e-02
1.290e-02   2.443e-02
1.300e-02   2.443e-02
1.310e-02   2.443e-02
1.320e-02   2.443e-02
1.330e-02   2.443e-02
1.340e-02   2.443e-02
1.350e-02   2.443e-02
1.360e-02   2.443e-02
1.370e-02   2.443e-02
1.380e-02   2.443e-02
1.390e-02   2.443e-02
1.400e-02   2.443e-02
1.410e-02   2.443e-02
1.420e-02   2.443e-02
1.430e-02   2.443e-02
1.440e-02   2.443e-02
1.450e-02   2.443e-02
1.460e-02   2.443e-02
1.470e-02   2.443e-02
1.480e-02   2.443e-02
1.490e-02   2.443e-02
1.500e-02   2.443e-02
1.510e-02   2.443e-02
1.520e-02   2.443e-02
1.530e-02   2.443e-02
1.540e-02   2.443e-02
1.550e-02   2.443e-02
1.560e-02   2.443e-02
1.570e-02   2.443e-02
1.580e-02   2.443e-02
1.590e-02   2.443e-02
1.600e-02   2.443e-02
1.610e-02   2.443e-02
1.620e-02   2.443e-02
1.630e-02   2.443e-02
1.640e-02   2.443e-02
1.650e-02   2.443e-02
1.660e-02   2.443e-02
1.670e-02   2.443e-02
1.680e-02   2.443e-02
1.690e-02   2.443e-02
1.700e-02   2.443e-02
1.710e-02   2.443e-02
1.720e-02   2.443e-02
1.730e-02   2.443e-02
1.740e-02   2.443e-02
1.750e-02   2.443e-02
1.760e-02   2.443e-02
1.770e-02   2.443e-02
1.780e-02   2.443e-02
1.790e-02   2.443e-02
1.800e-02   2.443e-02
1.810e-02   2.443e-02
1.820e-02   2.443e-02
1.830e-02   2.443e-02
1.840e-02   2.443e-02
1.850e-02   2.443e-02
1.860e-02   2.443e-02
1.870e-02   2.443e-02
1.880e-02   2.443e-02
1.890e-02   2.443e-02
1.900e-02   2.443e-02
1.910e-02   2.443e-02
1.920e-02   2.443e-02
1.930e-02   2.443e-02
1.940e-02   2.443e-02
1.950e-02   2.443e-02
1.960e-02   2.443e-02
1.970e-02   2.443e-02
1.980e-02   2.443e-02
1.990e-02   2.443e-02
2.000e-02   2.490e-02
2.010e-02   2.506e-02
2.020e-02   2.506e-02
2.030e-02   2.506e-02
2.040e-02   2.506e-02
2.050e-02   2.506e-02
2.060e-02   2.506e-02
2.070e-02   2.506e-02
2.080e-02   2.506e-02
2.090e-02   2.506e-02
2.100e-02   2.506e-02
2.110e-02   2.506e-02
2.120e-02   2.506e-02
2.130e-02   2.506e-02
2.140e-02   2.506e-02
2.150e-02   2.506e-02
2.160e-02   2.506e-02
2.170e-02   2.506e-02
2.180e-02   2.506e-02
2.190e-02   2.506e-02
2.200e-02   2.506e-02
2.210e-02   2.506e-02
2.220e-02   2.506e-02
2.230e-02   2.506e-02
2.240e-02   2.506e-02
2.250e-02   2.506e-02
2.260e-02   2.506e-02
2.270e-02   2.506e-02
2.280e-02   2.506e-02
2.290e-02   2.506e-02
2.300e-02   2.506e-02
2.310e-02   2.506e-02
2.320e-02   2.506e-02
2.330e-02   2.506e-02
2.340e-02   2.506e-02
2.350e-02   2.506e-02
2.360e-02   2.506e-02
2.370e-02   2.506e-02
2.380e-02   2.506e-02
2.390e-02   2.506e-02
2.400e-02   2.506e-02
2.410e-02   2.506e-02
2.420e-02   2.506e-02
2.430e-02   2.506e-02
2.440e-02   2.506e-02
2.450e-02   2.506e-02
2.460e-02   2.506e-02
2.470e-02   2.506e-02
2.480e-02   2.506e-02
2.490e-02   2.506e-02
2.500e-02   2.506e-02
2.510e-02   2.506e-02
2.520e-02   2.506e-02
2.530e-02   2.506e-02
2.540e-02   2.506e-02
2.550e-02   2.506e-02
2.560e-02   2.506e-02
2.570e-02   2.506e-02
2.580e-02   2.506e-02
2.590e-02   2.506e-02
2.600e-02   2.506e-02
2.610e-02   2.506e-02
2.620e-02   2.506e-02
2.630e-02   2.506e-02
2.640e-02   2.506e-02
2.650e-02   2.506e-02
2.660e-02   2.506e-02
2.670e-02   2.506e-02
2.680e-02   2.506e-02
2.690e-02   2.506e-02
2.700e-02   2.506e-02
2.710e-02   2.506e-02
2.720e-02   2.506e-02
2.730e-02   2.506e-02
2.740e-02   2.506e-02
2.750e-02   2.506e-02
2.760e-02   2.506e-02
2.770e-02   2.506e-02
2.780e-02   2.506e-02
2.790e-02   2.506e-02
2.800e-02   2.506e-02
2.810e-02   2.506e-02
2.820e-02   2.506e-02
2.830e-02   2.506e-02
2.840e-02   2.506e-02
2.850e-02   2.506e-02
2.860e-02   2.506e-02
2.870e-02   2.506e-02
2.880e-02   2.506e-02
2.890e-02   2.506e-02
2.900e-02   2.506e-02
2.910e-02   2.506e-02
2.920e-02   2.506e-02
2.930e-02   2.506e-02
2.940e-02   2.506e-02
2.950e-02   2.506e-02
2.960e-02   2.506e-02
2.970e-02   2.506e-02
2.980e-02   2.506e-02
2.990e-02   2.506e-02
3.000e-02   2.565e-02
3.010e-02   2.585e-02
3.020e-02   2.585e-02
3.030e-02   2.585e-02
3.040e-02   2.585e-02
3.050e-02   2.585e-02
3.060e-02   2.585e-02
3.070e-02   2.585e-02
3.080e-02   2.585e-02
3.090e-02   2.585e-02
3.100e-02   2.585e-02
3.110e-02   2.585e-02
3.120e-02   2.585e-02
3.130e-02   2.585e-02
3.140e-02   2.585e-02
3.150e-02   2.585e-02
3.160e-02   2.585e-02
3.170e-02   2.585e-02
3.180e-02   2.585e-02
3.190e-02   2.585e-02
3.200e-02   2.585e-02
3.210e-02   2.585e-02
3.220e-02   2.585e-02
3.230e-02   2.585e-02
3.240e-02   2.585e-02
3.250e-02   2.585e-02
3.260e-02   2.585e-02
3.270e-02   2.585e-02
3.280e-02   2.585e-02
3.290e-02   2.585e-02
3.300e-02   2.585e-02
3.310e-02   2.585e-02
3.320e-02   2.585e-02
3.330e-02   2.585e-02
3.340e-02   2.585e-02
3.350e-02   2.585e-02
3.360e-02   2.585e-02
3.370e-02   2.585e-02
3.380e-02   2.585e-02
3.390e-02   2.585e-02
3.400e-02   2.585e-02
3.410e-02   2.585e-02
3.420e-02   2.585e-02
3.430e-02   2.585e-02
3.440e-02   2.585e-02
3.450e-02   2.585e-02
3.460e-02   2.585e-02
3.470e-02   2.585e-02
3.480e-02   2.585e-02
3.490e-02   2.585e-02
3.500e-02   2.585e-02
3.510e-02   2.585e-02
3.520e-02   2.585e-02
3.530e-02   2.585e-02
3.540e-02   2.585e-02
3.550e-02   2.585e-02
3.560e-02   2.585e-02
3.570e-02   2.585e-02
3.580e-02   2.585e-02
3.590e-02   2.585e-02
3.600e-02   2.585e-02
3.610e-02   2.585e-02
3.620e-02   2.585e-02
3.630e-02   2.585e-02
3.640e-02   2.585e-02
3.650e-02   2.585e-02
3.660e-02   2.585e-02
3.670e-02   2.585e-02
3.680e-02   2.585e-02
3.690e-02   2.585e-02
3.700e-02   2.585e-02
3.710e-02   2.585e-02
3.720e-02   2.585e-02
3.730e-02   2.585e-02
3.740e-02   2.585e-02
3.750e-02   2.585e-02
3.760e-02   2.585e-02
3.770e-02   2.585e-02
3.780e-02   2.585e-02
3.790e-02   2.585e-02
3.800e-02   2.585e-02
3.810e-02   2.585e-02
3.820e-02   2.585e-02
3.830e-02   2.585e-02
3.840e-02   2.585e-02
3.850e-02   2.585e-02
3.860e-02   2.585e-02
3.870e-02   2.585e-02
3.880e-02   2.585e-02
3.890e-02   2.585e-02
3.900e-02   2.585e-02
3.910e-02   2.585e-02
3.920e-02   2.585e-02
3.930e-02   2.585e-02
3.940e-02   2.585e-02
3.950e-02   2.585e-02
3.960e-02   2.585e-02
3.970e-02   2.585e-02
3.980e-02   2.585e-02
3.990e-02   2.585e-02
4.000e-02   8.096e-03
4.010e-02   2.179e-03
4.020e-02   2.179e-03
4.030e-02   2.179e-03
4.040e-02   2.179e-03
4.050e-02   2.179e-03
4.060e-02   2.179e-03
4.070e-02   2.179e-03
4.080e-02   2.179e-03
4.090e-02   2.179e-03
4.100e-02   2.179e-03
4.110e-02   2.179e-03
4.120e-02   2.179e-03
4.130e-02   2.179e-03
4.140e-02   2.179e-03
4.150e-02   2.179e-03
4.160e-02   2.179e-03
4.170e-02   2.179e-03
4.180e-02   2.179e-03
4.190e-02   2.179e-03
4.200e-02   2.179e-03
4.210e-02   2.179e-03
4.220e-02   2.179e-03
4.230e-02   2.179e-03
4.240e-02   2.179e-03
4.250e-02   2.179e-03
4.260e-02   2.179e-03
4.270e-02   2.179e-03
4.280e-02   2.179e-03
4.290e-02   2.179e-03
4.300e-02   2.179e-03
4.310e-02   2.179e-03
4.320e-02   2.179e-03
4.330e-02   2.179e-03
4.340e-02   2.179e-03
4.350e-02   2.179e-03
4.360e-02   2.179e-03
4.370e-02   2.179e-03
4.380e-02   2.179e-03
4.390e-02   2.179e-03
4.400e-02   2.179e-03
4.410e-02   2.179e-03
4.420e-02   2.179e-03
4.430e-02   2.179e-03
4.440e-02   2.179e-03
4.450e-02   2.179e-03
4.460e-02   2.179e-03
4.470e-02   2.179e-03
4.480e-02   2.179e-03
4.490e-02   2.179e-03
4.500e-02   2.179e-03
4.510e-02   2.179e-03
4.520e-02   2.179e-03
4.530e-02   2.179e-03
4.540e-02   2.179e-03
4.550e-02   2.179e-03
4.560e-02   2.179e-03
4.570e-02   2.179e-03
4.580e-02   2.179e-03
4.590e-02   2.179e-03
4.600e-02   2.179e-03
4.610e-02   2.179e-03
4.620e-02   2.179e-03
4.630e-02   2.179e-03
4.640e-02   2.179e-03
4.650e-02   2.179e-03
4.660e-02   2.179e-03
4.670e-02   2.179e-03
4.680e-02   2.179e-03
4.690e-02   2.179e-03
4.700e-02   2.179e-03
4.710e-02   2.179e-03
4.720e-02   2.179e-03
4.730e-02   2.179e-03
4.740e-02   2.179e-03
4.750e-02   2.179e-03
4.760e-02   2.179e-03
4.770e-02   2.179e-03
4.780e-02   2.179e-03
4.790e-02   2.179e-03
4.800e-02   2.179e-03
4.810e-02   2.179e-03
4.820e-02   2.179e-03
4.830e-02   2.179e-03
4.840e-02   2.179e-03
4.850e-02   2.179e-03
4.860e-02   2.179e-03
4.870e-02   2.179e-03
4.880e-02   2.179e-03
4.890e-02   2.179e-03
4.900e-02   2.179e-03
4.910e-02   2.179e-03
4.920e-02   2.179e-03
4.930e-02   2.179e-03
4.940e-02   2.179e-03
4.950e-02   2.179e-03
4.960e-02   2.179e-03
4.970e-02   2.179e-03
4.980e-02   2.179e-03
4.990e-02   2.179e-03
5.000e-02   7.159e-03
5.010e-02   8.819e-03
5.020e-02   8.819e-03
5.030e-02   8.819e-03
5.040e-02   8.819e-03
5.050e-02   8.819e-03
5.060e-02   8.819e-03
5.070e-02   8.819e-03
5.080e-02   8.819e-03
5.090e-02   8.819e-03
5.100e-02   8.819e-03
5.110e-02   8.819e-03
5.120e-02   8.819e-03
5.130e-02   8.819e-03
5.140e-02   8.819e-03
5.150e-02   8.819e-03
5.160e-02   8.819e-03
5.170e-02   8.819e-03
5.180e-02   8.819e-03
5.190e-02   8.819e-03
5.200e-02   8.819e-03
5.210e-02   8.819e-03
5.220e-02   8.819e-03
5.230e-02   8.819e-03
5.240e-02   8.819e-03
5.250e-02   8.819e-03
5.260e-02   8.819e-03
5.270e-02   8.819e-03
5.280e-02   8.819e-03
5.290e-02   8.819e-03
5.300e-02   8.819e-03
5.310e-02   8.819e-03
5.320e-02   8.819e-03
5.330e-02   8.819e-03
5.340e-02   8.819e-03
5.350e-02   8.819e-03
5.360e-02   8.819e-03
5.370e-02   8.819e-03
5.380e-02   8.819e-03
5.390e-02   8.819e-03
5.400e-02   8.819e-03
5.410e-02   8.819e-03
5.420e-02   8.819e-03
5.430e-02   8.819e-03
5.440e-02   8.819e-03
5.450e-02   8.819e-03
5.460e-02   8.819e-03
5.470e-02   8.819e-03
5.480e-02   8.819e-03
5.490e-02   8.819e-03
5.500e-02   8.819e-03
5.510e-02   8.819e-03
5.520e-02   8.819e-03
5.530e-02   8.819e-03
5.540e-02   8.819e-03
5.550e-02   8.819e-03
5.560e-02   8.819e-03
5.570e-02   8.819e-03
5.580e-02   8.819e-03
5.590e-02   8.819e-03
5.600e-02   8.819e-03
5.610e-02   8.819e-03
5.620e-02   8.819e-03
5.630e-02   8.819e-03
5.640e-02   8.819e-03
5.650e-02   8.819e-03
5.660e-02   8.819e-03
5.670e-02   8.819e-03
5.680e-02   8.819e-03
5.690e-02   8.819e-03
5.700e-02   8.819e-03
5.710e-02   8.819e-03
5.720e-02   8.819e-03
5.730e-02   8.819e-03
5.740e-02   8.819e-03
5.750e-02   8.819e-03
5.760e-02   8.819e-03
5.770e-02   8.819e-03
5.780e-02   8.819e-03
5.790e-02   8.819e-03
5.800e-02   8.819e-03
5.810e-02   8.819e-03
5.820e-02   8.819e-03
5.830e-02   8.819e-03
5.840e-02   8.819e-03
5.850e-02   8.819e-03
5.860e-02   8.819e-03
5.870e-02   8.819e-03
5.880e-02   8.819e-03
5.890e-02   8.819e-03
5.900e-02   8.819e-03
5.910e-02   8.819e-03
5.920e-02   8.819e-03
5.930e-02   8.819e-03
5.940e-02   8.819e-03
5.950e-02   8.819e-03
5.960e-02   8.819e-03
5.970e-02   8.819e-03
5.980e-02   8.819e-03
5.990e-02   8.819e-03
6.000e-02   5.867e-03
6.010e-02   4.883e-03
6.020e-02   4.883e-03
6.030e-02   4.883e-03
6.040e-02   4.883e-03
6.050e-02   4.883e-03
6.060e-02   4.883e-03
6.070e-02   4.883e-03
6.080e-02   4.883e-03
6.090e-02   4.883e-03
6.100e-02   4.883e-03
6.110e-02   4.883e-03
6.120e-02   4.883e-03
6.130e-02   4.883e-03
6.140e-02   4.883e-03
6.150e-02   4.883e-03
6.160e-02   4.883e-03
6.170e-02   4.883e-03
6.180e-02   4.883e-03
6.190e-02   4.883e-03
6.200e-02   4.883e-03
6.210e-02   4.883e-03
6.220e-02   4.883e-03
6.230e-02   4.883e-03
6.240e-02   4.883e-03
6.250e-02   4.883e-03
6.260e-02   4.883e-03
6.270e-02   4.883e-03
6.280e-02   4.883e-03
6.290e-02   4.883e-03
6.300e-02   4.883e-03
6.310e-02   4.883e-03
6.320e-02   4.883e-03
6.330e-02   4.883e-03
6.340e-02   4.883e-03
6.350e-02   4.883e-03
6.360e-02   4.883e-03
6.370e-02   4.883e-03
6.380e-02   4.883e-03
6.390e-02   4.883e-03
6.400e-02   4.883e-03
6.410e-02   4.883e-03
6.420e-02   4.883e-03
6.430e-02   4.883e-03
6.440e-02   4.883e-03
6.450e-02   4.883e-03
6.460e-02   4.883e-03
6.470e-02   4.883e-03
6.480e-02   4.883e-03
6.490e-02   4.883e-03
6.500e-02   4.883e-03
6.510e-02   4.883e-03
6.520e-02   4.883e-03
6.530e-02   4.883e-03
6.540e-02   4.883e-03
6.550e-02   4.883e-03
6.560e-02   4.883e-03
6.570e-02   4.883e-03
6.580e-02   4.883e-03
6.590e-02   4.883e-03
6.600e-02   4.883e-03
6.610e-02   4.883e-03
6.620e-02   4.883e-03
6.630e-02   4.883e-03
6.640e-02   4.883e-03
6.650e-02   4.883e-03
6.660e-02   4.883e-03
6.670e-02   4.883e-03
6.680e-02   4.883e-03
6.690e-02   4.883e-03
6.700e-02   4.883e-03
6.710e-02   4.883e-03
6.720e-02   4.883e-03
6.730e-02   4.883e-03
6.740e-02   4.883e-03
6.750e-02   4.883e-03
6.760e-02   4.883e-03
6.770e-02   4.883e-03
6.780e-02   4.883e-03
6.790e-02   4.883e-03
6.800e-02   4.883e-03
6.810e-02   4.883e-03
6.820e-02   4.883e-03
6.830e-02   4.883e-03
6.840e-02   4.883e-03
6.850e-02   4.883e-03
6.860e-02   4.883e-03
6.870e-02   4.883e-03
6.880e-02   4.883e-03
6.890e-02   4.883e-03
6.900e-02   4.883e-03
6.910e-02   4.883e-03
6.920e-02   4.883e-03
6.930e-02   4.883e-03
6.940e-02   4.883e-03
6.950e-02   4.883e-03
6.960e-02   4.883e-03
6.970e-02   4.883e-03
6.980e-02   4.883e-03
6.990e-02   4.883e-03
7.000e-02   1.021e-02
7.010e-02   1.199e-02
7.020e-02   1.199e-02
7.030e-02   1.199e-02
7.040e-02   1.199e-02
7.050e-02   1.199e-02
7.060e-02   1.199e-02
7.070e-02   1.199e-02
7.080e-02   1.199e-02
7.090e-02   1.199e-02
7.100e-02   1.199e-02
7.110e-02   1.199e-02
7.120e-02   1.199e-02
7.130e-02   1.199e-02
7.140e-02   1.199e-02
7.150e-02   1.199e-02
7.160e-02   1.199e-02
7.170e-02   1.199e-02
7.180e-02   1.199e-02
7.190e-02   1.199e-02
7.200e-02   1.199e-02
7.210e-02   1.199e-02
7.220e-02   1.199e-02
7.230e-02   1.199e-02
7.240e-02   1.199e-02
7.250e-02   1.199e-02
7.260e-02   1.199e-02
7.270e-02   1.199e-02
7.280e-02   1.199e-02
7.290e-02   1.199e-02
7.300e-02   1.199e-02
7.310e-02   1.199e-02
7.320e-02   1.199e-02
7.330e-02   1.199e-02
7.340e-02   1.199e-02
7.350e-02   1.199e-02
7.360e-02   1.199e-02
7.370e-02   1.199e-02
7.380e-02   1.199e-02
7.390e-02   1.199e-02
7.400e-02   1.199e-02
7.410e-02   1.199e-02
7.420e-02   1.199e-02
7.430e-02   1.199e-02
7.440e-02   1.199e-02
7.450e-02   1.199e-02
7.460e-02   1.199e-02
7.470e-02   1.199e-02
7.480e-02   1.199e-02
7.490e-02   1.199e-02
7.500e-02   1.199e-02
7.510e-02   1.199e-02
7.520e-02   1.199e-02
7.530e-02   1.199e-02
7.540e-02   1.199e-02
7.550e-02   1.199e-02
7.560e-02   1.199e-02
7.570e-02   1.199e-02
7.580e-02   1.199e-02
7.590e-02   1.199e-02
7.600e-02   1.199e-02
7.610e-02   1.199e-02
7.620e-02   1.199e-02
7.630e-02   1.199e-02
7.640e-02   1.199e-02
7.650e-02   1.199e-02
7.660e-02   1.199e-02
7.670e-02   1.199e-02
7.680e-02   1.199e-02
7.690e-02   1.199e-02
7.700e-02   1.199e-02
7.710e-02   1.199e-02
7.720e-02   1.199e-02
7.730e-02   1.199e-02
7.740e-02   1.199e-02
7.750e-02   1.199e-02
7.760e-02   1.199e-02
7.770e-02   1.199e-02
7.780e-02   1.199e-02
7.790e-02   1.199e-02
7.800e-02   1.199e-02
7.810e-02   1.199e-02
7.820e-02   1.199e-02
7.830e-02   1.199e-02
7.840e-02   1.199e-02
7.850e-02   1.199e-02
7.860e-02   1.199e-02
7.870e-02   1.199e-02
7.880e-02   1.199e-02
7.890e-02   1.199e-02
7.900e-02   1.199e-02
7.910e-02   1.199e-02
7.920e-02   1.199e-02
7.930e-02   1.199e-02
7.940e-02   1.199e-02
7.950e-02   1.199e-02
7.960e-02   1.199e-02
7.970e-02   1.199e-02
7.980e-02   1.199e-02
7.990e-02   1.199e-02
8.000e-02   2.340e-02
8.010e-02   2.720e-02
8.020e-02   2.720e-02
8.030e-02   2.720e-02
8.040e-02   2.720e-02
8.050e-02   2.720e-02
8.060e-02   2.720e-02
8.070e-02   2.720e-02
8.080e-02   2.720e-02
8.090e-02   2.720e-02
8.100e-02   2.720e-02
8.110e-02   2.720e-02
8.120e-02   2.720e-02
8.130e-02   2.720e-02
8.140e-02   2.720e-02
8.150e-02   2.720e-02
8.160e-02   2.720e-02
8.170e-02   2.720e-02
8.180e-02   2.720e-02
8.190e-02   2.720e-02
8.200e-02   2.720e-02
8.210e-02   2.720e-02
8.220e-02   2.720e-02
8.230e-02   2.720e-02
8.240e-02   2.720e-02
8.250e-02   2.720e-02
8.260e-02   2.720e-02
8.270e-02   2.720e-02
8.280e-02   2.720e-02
8.290e-02   2.720e-02
8.300e-02   2.720e-02
8.310e-02   2.720e-02
8.320e-02   2.720e-02
8.330e-02   2.720e-02
8.340e-02   2.720e-02
8.350e-02   2.720e-02
8.360e-02   2.720e-02
8.370e-02   2.720e-02
8.380e-02   2.720e-02
8.390e-02   2.720e-02
8.400e-02   2.720e-02
8.410e-02   2.720e-02
8.420e-02   2.720e-02
8.430e-02   2.720e-02
8.440e-02   2.720e-02
8.450e-02   2.720e-02
8.460e-02   2.720e-02
8.470e-02   2.720e-02
8.480e-02   2.720e-02
8.490e-02   2.720e-02
8.500e-02   2.720e-02
8.510e-02   2.720e-02
8.520e-02   2.720e-02
8.530e-02   2.720e-02
8.540e-02   2.720e-02
8.550e-02   2.720e-02
8.560e-02   2.720e-02
8.570e-02   2.720e-02
8.580e-02   2.720e-02
8.590e-02   2.720e-02
8.600e-02   2.720e-02
8.610e-02   2.720e-02
8.620e-02   2.720e-02
8.630e-02   2.720e-02
8.640e-02   2.720e-02
8.650e-02   2.720e-02
8.660e-02   2.720e-02
8.670e-02   2.720e-02
8.680e-02   2.720e-02
8.690e-02   2.720e-02
8.700e-02   2.720e-02
8.710e-02   2.720e-02
8.720e-02   2.720e-02
8.730e-02   2.720e-02
8.740e-02   2.720e-02
8.750e-02   2.720e-02
8.760e-02   2.720e-02
8.770e-02   2.720e-02
8.780e-02   2.720e-02
8.790e-02   2.720e-02
8.800e-02   2.720e-02
8.810e-02   2.720e-02
8.820e-02   2.720e-02
8.830e-02   2.720e-02
8.840e-02   2.720e-02
8.850e-02   2.720e-02
8.860e-02   2.720e-02
8.870e-02   2.720e-02
8.880e-02   2.720e-02
8.890e-02   2.720e-02
8.900e-02   2.720e-02
8.910e-02   2.720e-02
8.920e-02   2.720e-02
8.930e-02   2.720e-02
8.940e-02   2.720e-02
8.950e-02   2.720e-02
8.960e-02   2.720e-02
8.970e-02   2.720e-02
8.980e-02   2.720e-02
8.990e-02   2.720e-02
9.000e-02   2.720e-02
9.010e-02   2.720e-02
9.020e-02   2.720e-02
9.030e-02   2.720e-02
9.040e-02   2.720e-02
9.050e-02   2.720e-02
9.060e-02   2.720e-02
9.070e-02   2.720e-02
9.080e-02   2.720e-02
9.090e-02   2.720e-02
9.100e-02   2.720e-02
9.110e-02   2.720e-02
9.120e-02   1.370e-02
9.130e-02   9.203e-03
9.140e-02   9.203e-03
9.150e-02   9.203e-03
9.160e-02   9.203e-03
9.170e-02   9.203e-03
9.180e-02   9.203e-03
9.190e-02   9.203e-03
9.200e-02   9.203e-03
9.210e-02   9.203e-03
9.220e-02   9.203e-03
9.230e-02   9.203e-03
9.240e-02   9.203e-03
9.250e-02   9.203e-03
9.260e-02   9.203e-03
9.270e-02   9.203e-03
9.280e-02   9.203e-03
9.290e-02   9.203e-03
9.300e-02   9.203e-03
9.310e-02   9.203e-03
9.320e-02   9.203e-03
9.330e-02   9.203e-03
9.340e-02   9.203e-03
9.350e-02   9.203e-03
9.360e-02   9.203e-03
9.370e-02   9.203e-03
9.380e-02   9.203e-03
9.390e-02   9.203e-03
9.400e-02   9.203e-03
9.410e-02   9.203e-03
9.420e-02   9.203e-03
9.430e-02   9.203e-03
9.440e-02   9.203e-03
9.450e-02   9.203e-03
9.460e-02   9.203e-03
9.470e-02   9.203e-03
9.480e-02   9.203e-03
9.490e-02   9.203e-03
9.500e-02   9.203e-03
9.510e-02   9.203e-03
9.520e-02   9.203e-03
9.530e-02   9.203e-03
9.540e-02   9.203e-03
9.550e-02   9.203e-03
9.560e-02   9.203e-03
9.570e-02   9.203e-03
9.580e-02   9.203e-03
9.590e-02   9.203e-03
9.600e-02   9.203e-03
9.610e-02   9.203e-03
9.620e-02   9.203e-03
9.630e-02   9.203e-03
9.640e-02   9.203e-03
9.650e-02   9.203e-03
9.660e-02   9.203e-03
9.670e-02   9.203e-03
9.680e-02   9.203e-03
9.690e-02   9.203e-03
9.700e-02   9.203e-03
9.710e-02   9.203e-03
9.720e-02   9.203e-03
9.730e-02   9.203e-03
9.740e-02   9.203e-03
9.750e-02   9.203e-03
9.760e-02   9.203e-03
9.770e-02   9.203e-03
9.780e-02   9.203e-03
9.790e-02   9.203e-03
9.800e-02   9.203e-03
9.810e-02   9.203e-03
9.820e-02   9.203e-03
9.830e-02   9.203e-03
9.840e-02   9.203e-03
9.850e-02   9.203e-03
9.860e-02   9.203e-03
9.870e-02   9.203e-03
9.880e-02   9.203e-03
9.890e-02   9.203e-03
9.900e-02   9.203e-03
9.910e-02   9.203e-03
9.920e-02   9.203e-03
9.930e-02   9.203e-03
9.940e-02   9.203e-03
9.950e-02   9.203e-03
9.960e-02   9.203e-03
9.970e-02   9.203e-03
9.980e-02   9.203e-03
9.990e-02   9.203e-03
1.000e-01   9.203e-03
1.001e-01   9.203e-03
1.002e-01   9.203e-03
1.003e-01   9.203e-03
1.004e-01   9.203e-03
1.005e-01   9.203e-03
1.006e-01   9.203e-03
1.007e-01   9.203e-03
1.008e-01   9.203e-03
1.009e-01   9.203e-03
1.010e-01   9.203e-03
1.011e-01   9.203e-03
1.012e-01   9.203e-03
1.013e-01   9.203e-03
1.014e-01   9.203e-03
1.015e-01   9.203e-03
1.016e-01   9.203e-03
1.017e-01   9.203e-03
1.018e-01   9.203e-03
1.019e-01   9.203e-03
1.020e-01   9.203e-03
1.021e-01   9.203e-03
1.022e-01   9.203e-03
1.023e-01   9.203e-03
1.024e-01   9.203e-03
1.025e-01   9.203e-03
1.026e-01   9.203e-03
1.027e-01   9.203e-03
1.028e-01   9.203e-03
1.029e-01   9.203e-03
1.030e-01   9.203e-03
1.031e-01   9.203e-03
1.032e-01   9.203e-03
1.033e-01   9.203e-03
1.034e-01   9.203e-03
1.035e-01   9.203e-03
1.036e-01   9.203e-03
1.037e-01   9.203e-03
1.038e-01   9.203e-03
1.039e-01   9.203e-03
1.040e-01   9.203e-03
1.041e-01   9.203e-03
1.042e-01   9.203e-03
1.043e-01   9.203e-03
1.044e-01   9.203e-03
1.045e-01   9.203e-03
1.046e-01   9.203e-03
1.047e-01   9.203e-03
1.048e-01   9.203e-03
1.049e-01   9.203e-03
1.050e-01   9.203e-03
1.051e-01   9.203e-03
1.052e-01   9.203e-03
1.053e-01   9.203e-03
1.054e-01   9.203e-03
1.055e-01   9.203e-03
1.056e-01   9.203e-03
1.057e-01   9.203e-03
1.058e-01   9.203e-03
1.059e-01   9.203e-03
1.060e-01   9.203e-03
1.061e-01   9.203e-03
1.062e-01   9.203e-03
1.063e-01   9.203e-03
1.064e-01   9.203e-03
1.065e-01   9.203e-03
1.066e-01   9.203e-03
1.067e-01   9.203e-03
1.068e-01   9.203e-03
1.069e-01   9.203e-03
1.070e-01   9.203e-03
1.071e-01   9.203e-03
1.072e-01   9.203e-03
1.073e-01   9.203e-03
1.074e-01   9.203e-03
1.075e-01   9.203e-03
1.076e-01   9.203e-03
1.077e-01   9.203e-03
1.078e-01   9.203e-03
1.079e-01   9.203e-03
1.080e-01   9.203e-03
1.081e-01   9.203e-03
1.082e-01   9.203e-03
1.083e-01   9.203e-03
1.084e-01   9.203e-03
1.085e-01   9.203e-03
1.086e-01   9.203e-03
1.087e-01   9.203e-03
1.088e-01   9.203e-03
1.089e-01   9.203e-03
1.090e-01   9.203e-03
1.091e-01   9.203e-03
1.092e-01   9.203e-03
1.093e-01   9.203e-03
1.094e-01   9.203e-03
1.095e-01   9.203e-03
1.096e-01   9.203e-03
1.097e-01   9.203e-03
1.098e-01   9.203e-03
1.099e-01   9.203e-03
1.100e-01   9.203e-03
1.101e-01   9.203e-03
1.102e-01   9.203e-03
1.103e-01   9.203e-03
1.104e-01   9.203e-03
1.105e-01   9.203e-03
1.106e-01   9.203e-03
1.107e-01   9.203e-03
1.108e-01   9.203e-03
1.109e-01   9.203e-03
1.110e-01   9.203e-03
1.111e-01   9.203e-03
1.112e-01   9.203e-03
1.113e-01   9.203e-03
1.114e-01   9.203e-03
1.115e-01   9.203e-03
1.116e-01   9.203e-03
1.117e-01   9.203e-03
1.118e-01   9.203e-03
1.119e-01   9.203e-03
1.120e-01   9.203e-03
1.121e-01   9.203e-03
1.122e-01   9.203e-03
1.123e-01   9.203e-03
1.124e-01   9.203e-03
1.125e-01   9.203e-03
1.126e-01   9.203e-03
1.127e-01   9.203e-03
1.128e-01   9.203e-03
1.129e-01   9.203e-03
1.130e-01   9.203e-03
1.131e-01   9.203e-03
1.132e-01   9.203e-03
1.133e-01   9.203e-03
1.134e-01   9.203e-03
1.135e-01   9.203e-03
1.136e-01   9.203e-03
1.137e-01   9.203e-03
1.138e-01   9.203e-03
1.139e-01   9.203e-03
1.140e-01   9.203e-03
1.141e-01   9.203e-03
1.142e-01   9.203e-03
1.143e-01   9.203e-03
1.144e-01   9.203e-03
1.145e-01   9.203e-03
1.146e-01   9.203e-03
1.147e-01   9.203e-03
1.148e-01   9.203e-03
1.149e-01   9.203e-03
1.150e-01   9.203e-03
1.151e-01   9.203e-03
1.152e-01   9.203e-03
1.153e-01   9.203e-03
1.154e-01   9.203e-03
1.155e-01   9.203e-03
1.156e-01   9.203e-03
1.157e-01   9.203e-03
1.158e-01   9.203e-03
1.159e-01   9.203e-03
1.160e-01   9.203e-03
1.161e-01   9.203e-03
1.162e-01   9.203e-03
1.163e-01   9.203e-03
1.164e-01   9.203e-03
1.165e-01   9.203e-03
1.166e-01   9.203e-03
1.167e-01   9.203e-03
1.168e-01   9.203e-03
1.169e-01   9.203e-03
1.170e-01   1.614e-02
1.171e-01   2.304e-02
1.172e-01   1.819e-02
1.173e-01   1.747e-02
1.174e-01   4.722e-02
1.175e-01   1.611e-01
1.176e-01   2.299e-01
1.177e-01   1.646e-01
1.178e-01   4.472e-02
1.179e-01   1.765e-02
1.180e-01   1.151e-02
1.181e-01   1.276e-02
1.182e-01   1.561e-02
1.183e-01   1.723e-02
1.184e-01   1.602e-02
1.185e-01   1.524e-02
1.186e-01   1.752e-02
1.187e-01   2.020e-02
1.188e-01   2.180e-02
1.189e-01   2.184e-02
1.190e-01   2.196e-02
1.191e-01   2.326e-02
1.192e-01   2.356e-02
1.193e-01   2.102e-02
1.194e-01   2.778e-02
1.195e-01   3.751e-02
1.196e-01   2.532e-02
1.197e-01   2.664e-02
1.198e-01   2.787e-02
1.199e-01   3.293e-02
1.200e-01   3.301e-02
1.201e-01   4.892e-03
1.202e-01   5.647e-03
1.203e-01   6.592e-03
1.204e-01   7.796e-03
1.205e-01   9.364e-03
1.206e-01   1.146e-02
1.207e-01   1.435e-02
1.208e-01   1.848e-02
1.209e-01   2.472e-02
1.210e-01   3.477e-02
1.211e-01   5.256e-02
1.212e-01   8.897e-02
1.213e-01   1.854e-01
1.214e-01   8.597e-01
1.215e-01   8.692e+00
1.216e-01   8.490e+00
1.217e-01   7.403e-01
1.218e-01   1.774e-01
1.219e-01   8.641e-02
1.220e-01   5.140e-02
1.221e-01   3.414e-02
1.222e-01   2.434e-02
1.223e-01   1.824e-02
1.224e-01   1.418e-02
1.225e-01   1.134e-02
1.226e-01   9.277e-03
1.227e-01   7.730e-03
1.228e-01   6.541e-03
1.229e-01   5.606e-03
1.230e-01   7.253e-03
1.231e-01   3.067e-02
1.232e-01   3.472e-02
1.233e-01   3.097e-02
1.234e-01   3.000e-02
1.235e-01   2.988e-02
1.236e-01   2.847e-02
1.237e-01   1.937e-02
1.238e-01   3.130e-02
1.239e-01   5.866e-02
1.240e-01   2.671e-02
1.241e-01   2.651e-02
1.242e-01   3.363e-02
1.243e-01   9.230e-02
1.244e-01   2.476e-02
1.245e-01   2.468e-02
1.246e-01   2.333e-02
1.247e-01   2.147e-02
1.248e-01   2.218e-02
1.249e-01   2.453e-02
1.250e-01   2.557e-02
1.251e-01   2.759e-02
1.252e-01   2.628e-02
1.253e-01   3.033e-02
1.254e-01   3.856e-02
1.255e-01   2.808e-02
1.256e-01   2.671e-02
1.257e-01   2.859e-02
1.258e-01   2.701e-02
1.259e-01   2.919e-02
1.260e-01   3.997e-02
1.261e-01   3.443e-02
1.262e-01   3.101e-02
1.263e-01   3.085e-02
1.264e-01   2.788e-02
1.265e-01   4.066e-02
1.266e-01   4.399e-02
1.267e-01   4.385e-02
1.268e-01   3.640e-02
1.269e-01   2.705e-02
1.270e-01   2.636e-02
1.271e-01   2.384e-02
1.272e-01   3.044e-02
1.273e-01   3.059e-02
1.274e-01   3.310e-02
1.275e-01   3.550e-02
1.276e-01   3.546e-02
1.277e-01   3.128e-02
1.278e-01   3.014e-02
1.279e-01   3.036e-02
1.280e-01   2.957e-02
1.281e-01   2.974e-02
1.282e-01   3.097e-02
1.283e-01   3.117e-02
1.284e-01   3.155e-02
1.285e-01   3.166e-02
1.286e-01   3.192e-02
1.287e-01   3.366e-02
1.288e-01   3.835e-02
1.289e-01   4.073e-02
1.290e-01   3.798e-02
1.291e-01   3.742e-02
1.292e-01   3.661e-02
1.293e-01   3.726e-02
1.294e-01   4.194e-02
1.295e-01   5.084e-02
1.296e-01   5.488e-02
1.297e-01   4.749e-02
1.298e-01   4.852e-02
1.299e-01   4.373e-02
1.300e-01   5.330e-02
1.301e-01   5.031e-02
1.302e-01   9.034e-02
1.303e-01   1.287e-01
1.304e-01   1.224e-01
1.305e-01   1.578e-01
1.306e-01   2.053e-01
1.307e-01   1.383e-01
1.308e-01   6.275e-02
1.309e-01   4.567e-02
1.310e-01   5.256e-02
1.311e-01   5.248e-02
1.312e-01   4.809e-02
1.313e-01   4.792e-02
1.314e-01   4.166e-02
1.315e-01   3.622e-02
1.316e-01   4.155e-02
1.317e-01   5.050e-02
1.318e-01   5.478e-02
1.319e-01   5.222e-02
1.320e-01   4.649e-02
1.321e-01   4.159e-02
1.322e-01   4.293e-02
1.323e-01   4.713e-02
1.324e-01   5.940e-02
1.325e-01   5.630e-02
1.326e-01   5.313e-02
1.327e-01   4.132e-02
1.328e-01   5.567e-02
1.329e-01   5.775e-02
1.330e-01   5.564e-02
1.331e-01   5.514e-02
1.332e-01   5.746e-02
1.333e-01   8.601e-02
1.334e-01   2.619e-01
1.335e-01   4.806e-01
1.336e-01   4.520e-01
1.337e-01   2.401e-01
1.338e-01   6.379e-02
1.339e-01   6.568e-02
1.340e-01   6.586e-02
1.341e-01   6.799e-02
1.342e-01   5.690e-02
1.343e-01   6.490e-02
1.344e-01   6.288e-02
1.345e-01   6.892e-02
1.346e-01   6.585e-02
1.347e-01   6.158e-02
1.348e-01   6.614e-02
1.349e-01   7.068e-02
1.350e-01   6.754e-02
1.351e-01   9.962e-02
1.352e-01   1.062e-01
1.353e-01   8.067e-02
1.354e-01   7.691e-02
1.355e-01   8.573e-02
1.356e-01   8.822e-02
1.357e-01   7.671e-02
1.358e-01   8.070e-02
1.359e-01   8.842e-02
1.360e-01   7.782e-02
1.361e-01   8.226e-02
1.362e-01   7.468e-02
1.363e-01   8.558e-02
1.364e-01   1.060e-01
1.365e-01   9.631e-02
1.366e-01   7.905e-02
1.367e-01   8.070e-02
1.368e-01   7.691e-02
1.369e-01   8.413e-02
1.370e-01   9.417e-02
1.371e-01   1.090e-01
1.372e-01   9.377e-02
1.373e-01   8.668e-02
1.374e-01   8.871e-02
1.375e-01   8.512e-02
1.376e-01   9.074e-02
1.377e-01   9.019e-02
1.378e-01   8.456e-02
1.379e-01   9.742e-02
1.380e-01   9.341e-02
1.381e-01   8.844e-02
1.382e-01   9.614e-02
1.383e-01   9.985e-02
1.384e-01   9.397e-02
1.385e-01   9.495e-02
1.386e-01   1.095e-01
1.387e-01   1.090e-01
1.388e-01   1.242e-01
1.389e-01   1.213e-01
1.390e-01   9.593e-02
1.391e-01   9.131e-02
1.392e-01   1.037e-01
1.393e-01   1.288e-01
1.394e-01   1.898e-01
1.395e-01   9.339e-02
1.396e-01   1.014e-01
1.397e-01   1.266e-01
1.398e-01   1.363e-01
1.399e-01   1.342e-01
1.400e-01   1.255e-01
1.401e-01   1.310e-01
1.402e-01   1.369e-01
1.403e-01   1.756e-01
1.404e-01   1.352e-01
1.405e-01   1.329e-01
1.406e-01   1.438e-01
1.407e-01   1.378e-01
1.408e-01   1.378e-01
1.409e-01   1.356e-01
1.410e-01   1.512e-01
1.411e-01   1.485e-01
1.412e-01   1.528e-01
1.413e-01   1.482e-01
1.414e-01   1.389e-01
1.415e-01   1.607e-01
1.416e-01   1.449e-01
1.417e-01   1.544e-01
1.418e-01   1.703e-01
1.419e-01   1.608e-01
1.420e-01   1.621e-01
1.421e-01   1.482e-01
1.422e-01   1.398e-01
1.423e-01   1.433e-01
1.424e-01   1.497e-01
1.425e-01   1.439e-01
1.426e-01   1.457e-01
1.427e-01   1.584e-01
1.428e-01   1.573e-01
1.429e-01   1.433e-01
1.430e-01   1.529e-01
1.431e-01   1.503e-01
1.432e-01   1.376e-01
1.433e-01   1.460e-01
1.434e-01   1.366e-01
1.435e-01   1.158e-01
1.436e-01   1.362e-01
1.437e-01   1.579e-01
1.438e-01   1.638e-01
1.439e-01   1.393e-01
1.440e-01   1.507e-01
1.441e-01   1.709e-01
1.442e-01   1.755e-01
1.443e-01   1.574e-01
1.444e-01   1.640e-01
1.445e-01   1.945e-01
1.446e-01   1.734e-01
1.447e-01   1.742e-01
1.448e-01   1.877e-01
1.449e-01   1.960e-01
1.450e-01   1.891e-01
1.451e-01   1.786e-01
1.452e-01   1.746e-01
1.453e-01   1.698e-01
1.454e-01   1.583e-01
1.455e-01   2.015e-01
1.456e-01   1.929e-01
1.457e-01   2.103e-01
1.458e-01   1.701e-01
1.459e-01   1.700e-01
1.460e-01   1.807e-01
1.461e-01   1.852e-01
1.462e-01   1.990e-01
1.463e-01   2.013e-01
1.464e-01   1.960e-01
1.465e-01   1.839e-01
1.466e-01   2.120e-01
1.467e-01   2.136e-01
1.468e-01   2.042e-01
1.469e-01   1.854e-01
1.470e-01   1.895e-01
1.471e-01   2.167e-01
1.472e-01   2.246e-01
1.473e-01   2.143e-01
1.474e-01   2.454e-01
1.475e-01   2.525e-01
1.476e-01   2.149e-01
1.477e-01   1.954e-01
1.478e-01   2.125e-01
1.479e-01   2.304e-01
1.480e-01   2.204e-01
1.481e-01   2.375e-01
1.482e-01   2.121e-01
1.483e-01   1.953e-01
1.484e-01   2.176e-01
1.485e-01   2.323e-01
1.486e-01   2.165e-01
1.487e-01   2.442e-01
1.488e-01   2.619e-01
1.489e-01   2.476e-01
1.490e-01   2.726e-01
1.491e-01   2.480e-01
1.492e-01   2.398e-01
1.493e-01   2.535e-01
1.494e-01   2.428e-01
1.495e-01   2.382e-01
1.496e-01   2.411e-01
1.497e-01   2.409e-01
1.498e-01   2.462e-01
1.499e-01   2.356e-01
1.500e-01   2.242e-01
1.501e-01   2.561e-01
1.502e-01   2.771e-01
1.503e-01   2.688e-01
1.504e-01   2.636e-01
1.505e-01   2.599e-01
1.506e-01   2.803e-01
1.507e-01   2.789e-01
1.508e-01   2.850e-01
1.509e-01   2.866e-01
1.510e-01   2.998e-01
1.511e-01   3.068e-01
1.512e-01   2.984e-01
1.513e-01   2.903e-01
1.514e-01   3.136e-01
1.515e-01   3.178e-01
1.516e-01   3.077e-01
1.517e-01   2.957e-01
1.518e-01   3.137e-01
1.519e-01   2.861e-01
1.520e-01   3.239e-01
1.521e-01   3.230e-01
1.522e-01   3.215e-01
1.523e-01   3.295e-01
1.524e-01   3.474e-01
1.525e-01   3.801e-01
1.526e-01   3.469e-01
1.527e-01   3.713e-01
1.528e-01   4.061e-01
1.529e-01   3.819e-01
1.530e-01   4.139e-01
1.531e-01   4.280e-01
1.532e-01   4.096e-01
1.533e-01   4.266e-01
1.534e-01   4.372e-01
1.535e-01   4.408e-01
1.536e-01   4.356e-01
1.537e-01   4.457e-01
1.538e-01   4.646e-01
1.539e-01   5.223e-01
1.540e-01   4.995e-01
1.541e-01   4.866e-01
1.542e-01   5.149e-01
1.543e-01   5.143e-01
1.544e-01   4.852e-01
1.545e-01   4.671e-01
1.546e-01   5.236e-01
1.547e-01   7.346e-01
1.548e-01   9.519e-01
1.549e-01   8.972e-01
1.550e-01   7.742e-01
1.551e-01   7.451e-01
1.552e-01   5.483e-01
1.553e-01   4.626e-01
1.554e-01   4.686e-01
1.555e-01   4.832e-01
1.556e-01   5.566e-01
1.557e-01   6.007e-01
1.558e-01   6.296e-01
1.559e-01   5.493e-01
1.560e-01   4.856e-01
1.561e-01   5.024e-01
1.562e-01   5.613e-01
1.563e-01   6.447e-01
1.564e-01   6.570e-01
1.565e-01   6.373e-01
1.566e-01   5.781e-01
1.567e-01   6.082e-01
1.568e-01   6.156e-01
1.569e-01   6.165e-01
1.570e-01   5.365e-01
1.571e-01   5.438e-01
1.572e-01   6.202e-01
1.573e-01   5.954e-01
1.574e-01   6.492e-01
1.575e-01   6.412e-01
1.576e-01   6.266e-01
1.577e-01   5.895e-01
1.578e-01   6.674e-01
1.579e-01   6.743e-01
1.580e-01   6.814e-01
1.581e-01   7.052e-01
1.582e-01   6.906e-01
1.583e-01   7.151e-01
1.584e-01   6.206e-01
1.585e-01   7.230e-01
1.586e-01   6.554e-01
1.587e-01   6.936e-01
1.588e-01   7.420e-01
1.589e-01   7.441e-01
1.590e-01   7.048e-01
1.591e-01   7.001e-01
1.592e-01   6.162e-01
1.593e-01   7.103e-01
1.594e-01   6.934e-01
1.595e-01   6.575e-01
1.596e-01   7.223e-01
1.597e-01   6.777e-01
1.598e-01   6.646e-01
1.599e-01   7.463e-01
1.600e-01   7.182e-01
1.601e-01   7.698e-01
1.602e-01   7.719e-01
1.603e-01   6.735e-01
1.604e-01   8.063e-01
1.605e-01   7.847e-01
1.606e-01   7.409e-01
1.607e-01   6.610e-01
1.608e-01   7.340e-01
1.609e-01   7.487e-01
1.610e-01   8.292e-01
1.611e-01   9.258e-01
1.612e-01   8.192e-01
1.613e-01   7.899e-01
1.614e-01   8.586e-01
1.615e-01   8.435e-01
1.616e-01   6.151e-01
1.617e-01   6.924e-01
1.618e-01   7.627e-01
1.619e-01   6.412e-01
1.620e-01   7.610e-01
1.621e-01   8.411e-01
1.622e-01   8.937e-01
1.623e-01   9.470e-01
1.624e-01   8.711e-01
1.625e-01   9.747e-01
1.626e-01   9.244e-01
1.627e-01   8.372e-01
1.628e-01   9.659e-01
1.629e-01   9.007e-01
1.630e-01   8.079e-01
1.631e-01   9.217e-01
1.632e-01   1.079e+00
1.633e-01   1.040e+00
1.634e-01   9.383e-01
1.635e-01   9.815e-01
1.636e-01   8.263e-01
1.637e-01   1.046e+00
1.638e-01   1.076e+00
1.639e-01   1.035e+00
1.640e-01   1.145e+00
1.641e-01   1.188e+00
1.642e-01   1.062e+00
1.643e-01   9.873e-01
1.644e-01   1.105e+00
1.645e-01   1.018e+00
1.646e-01   1.130e+00
1.647e-01   1.200e+00
1.648e-01   1.210e+00
1.649e-01   1.070e+00
1.650e-01   1.078e+00
1.651e-01   1.018e+00
1.652e-01   8.782e-01
1.653e-01   1.086e+00
1.654e-01   1.061e+00
1.655e-01   9.418e-01
1.656e-01   1.136e+00
1.657e-01   8.495e-01
1.658e-01   1.039e+00
1.659e-01   1.192e+00
1.660e-01   1.204e+00
1.661e-01   1.185e+00
1.662e-01   1.206e+00
1.663e-01   1.259e+00
1.664e-01   1.174e+00
1.665e-01   1.179e+00
1.666e-01   1.354e+00
1.667e-01   1.310e+00
1.668e-01   1.106e+00
1.669e-01   1.078e+00
1.670e-01   1.044e+00
1.671e-01   9.304e-01
1.672e-01   9.918e-01
1.673e-01   1.230e+00
1.674e-01   1.208e+00
1.675e-01   1.347e+00
1.676e-01   1.359e+00
1.677e-01   1.399e+00
1.678e-01   1.422e+00
1.679e-01   1.368e+00
1.680e-01   1.173e+00
1.681e-01   1.434e+00
1.682e-01   1.444e+00
1.683e-01   1.631e+00
1.684e-01   2.015e+00
1.685e-01   1.294e+00
1.686e-01   9.830e-01
1.687e-01   1.141e+00
1.688e-01   1.373e+00
1.689e-01   1.806e+00
1.690e-01   1.743e+00
1.691e-01   1.928e+00
1.692e-01   1.876e+00
1.693e-01   1.905e+00
1.694e-01   1.833e+00
1.695e-01   1.562e+00
1.696e-01   1.659e+00
1.697e-01   2.140e+00
1.698e-01   1.892e+00
1.699e-01   2.428e+00
1.700e-01   2.457e+00
1.701e-01   2.709e+00
1.702e-01   2.677e+00
1.703e-01   2.287e+00
1.704e-01   2.583e+00
1.705e-01   3.102e+00
1.706e-01   2.949e+00
1.707e-01   2.822e+00
1.708e-01   3.935e+00
1.709e-01   4.928e+00
1.710e-01   5.547e+00
1.711e-01   6.371e+00
1.712e-01   6.010e+00
1.713e-01   2.173e+00
1.714e-01   2.234e+00
1.715e-01   1.640e+00
1.716e-01   2.892e+00
1.717e-01   6.425e+00
1.718e-01   4.291e+00
1.719e-01   5.762e+00
1.720e-01   3.126e+00
1.721e-01   4.530e+00
1.722e-01   3.295e+00
1.723e-01   2.062e+00
1.724e-01   3.321e+00
1.725e-01   3.943e+00
1.726e-01   4.473e+00
1.727e-01   6.670e+00
1.728e-01   9.084e+00
1.729e-01   9.672e+00
1.730e-01   5.606e+00
1.731e-01   3.065e+00
1.732e-01   6.235e+00
1.733e-01   4.037e+00
1.734e-01   3.455e+00
1.735e-01   3.161e+00
1.736e-01   6.707e+00
1.737e-01   5.934e+00
1.738e-01   4.240e+00
1.739e-01   4.295e+00
1.740e-01   3.131e+00
1.741e-01   6.552e+00
1.742e-01   1.021e+01
1.743e-01   1.631e+01
1.744e-01   1.172e+01
1.745e-01   8.783e+00
1.746e-01   1.092e+01
1.747e-01   8.974e+00
1.748e-01   9.029e+00
1.749e-01   1.497e+01
1.750e-01   1.320e+01
1.751e-01   9.277e+00
1.752e-01   1.060e+01
1.753e-01   1.271e+01
1.754e-01   1.417e+01
1.755e-01   1.302e+01
1.756e-01   1.328e+01
1.757e-01   1.471e+01
1.758e-01   1.430e+01
1.759e-01   1.415e+01
1.760e-01   1.472e+01
1.761e-01   1.613e+01
1.762e-01   1.610e+01
1.763e-01   1.393e+01
1.764e-01   1.247e+01
1.765e-01   1.198e+01
1.766e-01   1.287e+01
1.767e-01   1.566e+01
1.768e-01   1.832e+01
1.769e-01   1.851e+01
1.770e-01   1.664e+01
1.771e-01   1.484e+01
1.772e-01   1.702e+01
1.773e-01   2.040e+01
1.774e-01   2.354e+01
1.775e-01   2.273e+01
1.776e-01   2.292e+01
1.777e-01   2.438e+01
1.778e-01   2.317e+01
1.779e-01   2.323e+01
1.780e-01   2.563e+01
1.781e-01   2.690e+01
1.782e-01   2.709e+01
1.783e-01   2.629e+01
1.784e-01   2.653e+01
1.785e-01   2.690e+01
1.786e-01   2.632e+01
1.787e-01   2.473e+01
1.788e-01   2.335e+01
1.789e-01   2.445e+01
1.790e-01   2.654e+01
1.791e-01   2.850e+01
1.792e-01   2.731e+01
1.793e-01   2.811e+01
1.794e-01   3.060e+01
1.795e-01   2.785e+01
1.796e-01   2.839e+01
1.797e-01   3.341e+01
1.798e-01   2.969e+01
1.799e-01   2.662e+01
1.800e-01   2.938e+01
1.801e-01   3.102e+01
1.802e-01   2.976e+01
1.803e-01   2.411e+01
1.804e-01   2.125e+01
1.805e-01   2.023e+01
1.806e-01   1.881e+01
1.807e-01   1.916e+01
1.808e-01   2.091e+01
1.809e-01   2.243e+01
1.810e-01   2.403e+01
1.811e-01   2.541e+01
1.812e-01   2.468e+01
1.813e-01   2.570e+01
1.814e-01   2.868e+01
1.815e-01   2.614e+01
1.816e-01   2.503e+01
1.817e-01   2.845e+01
1.818e-01   2.664e+01
1.819e-01   2.395e+01
1.820e-01   2.479e+01
1.821e-01   2.657e+01
1.822e-01   2.831e+01
1.823e-01   2.906e+01
1.824e-01   3.157e+01
1.825e-01   3.509e+01
1.826e-01   3.662e+01
1.827e-01   3.563e+01
1.828e-01   3.268e+01
1.829e-01   3.086e+01
1.830e-01   2.948e+01
1.831e-01   2.859e+01
1.832e-01   2.946e+01
1.833e-01   2.970e+01
1.834e-01   2.837e+01
1.835e-01   2.916e+01
1.836e-01   3.032e+01
1.837e-01   3.017e+01
1.838e-01   2.888e+01
1.839e-01   2.720e+01
1.840e-01   2.606e+01
1.841e-01   2.403e+01
1.842e-01   2.213e+01
1.843e-01   2.369e+01
1.844e-01   2.288e+01
1.845e-01   2.006e+01
1.846e-01   2.182e+01
1.847e-01   2.007e+01
1.848e-01   1.394e+01
1.849e-01   1.377e+01
1.850e-01   1.475e+01
1.851e-01   1.491e+01
1.852e-01   1.710e+01
1.853e-01   1.878e+01
1.854e-01   1.810e+01
1.855e-01   2.181e+01
1.856e-01   2.635e+01
1.857e-01   2.593e+01
1.858e-01   2.516e+01
1.859e-01   2.479e+01
1.860e-01   2.519e+01
1.861e-01   2.543e+01
1.862e-01   2.572e+01
1.863e-01   2.791e+01
1.864e-01   2.960e+01
1.865e-01   3.024e+01
1.866e-01   3.046e+01
1.867e-01   3.204e+01
1.868e-01   3.548e+01
1.869e-01   3.612e+01
1.870e-01   3.524e+01
1.871e-01   3.406e+01
1.872e-01   3.557e+01
1.873e-01   3.690e+01
1.874e-01   3.371e+01
1.875e-01   3.078e+01
1.876e-01   2.911e+01
1.877e-01   2.999e+01
1.878e-01   3.351e+01
1.879e-01   3.803e+01
1.880e-01   3.603e+01
1.881e-01   3.524e+01
1.882e-01   3.687e+01
1.883e-01   3.622e+01
1.884e-01   3.405e+01
1.885e-01   3.147e+01
1.886e-01   3.562e+01
1.887e-01   3.892e+01
1.888e-01   3.559e+01
1.889e-01   3.518e+01
1.890e-01   3.585e+01
1.891e-01   3.443e+01
1.892e-01   3.667e+01
1.893e-01   4.067e+01
1.894e-01   4.058e+01
1.895e-01   3.943e+01
1.896e-01   3.782e+01
1.897e-01   3.580e+01
1.898e-01   3.376e+01
1.899e-01   3.193e+01
1.900e-01   3.119e+01
1.901e-01   3.107e+01
1.902e-01   3.153e+01
1.903e-01   3.299e+01
1.904e-01   3.473e+01
1.905e-01   3.610e+01
1.906e-01   3.563e+01
1.907e-01   3.464e+01
1.908e-01   3.487e+01
1.909e-01   3.502e+01
1.910e-01   3.549e+01
1.911e-01   3.765e+01
1.912e-01   4.097e+01
1.913e-01   4.447e+01
1.914e-01   4.421e+01
1.915e-01   4.349e+01
1.916e-01   4.338e+01
1.917e-01   4.612e+01
1.918e-01   4.822e+01
1.919e-01   4.831e+01
1.920e-01   4.884e+01
1.921e-01   4.899e+01
1.922e-01   4.805e+01
1.923e-01   4.742e+01
1.924e-01   4.549e+01
1.925e-01   3.982e+01
1.926e-01   3.515e+01
1.927e-01   3.274e+01
1.928e-01   3.461e+01
1.929e-01   3.121e+01
1.930e-01   2.333e+01
1.931e-01   2.019e+01
1.932e-01   1.758e+01
1.933e-01   1.490e+01
1.934e-01   1.400e+01
1.935e-01   1.530e+01
1.936e-01   1.916e+01
1.937e-01   2.403e+01
1.938e-01   2.827e+01
1.939e-01   3.106e+01
1.940e-01   3.785e+01
1.941e-01   4.521e+01
1.942e-01   4.843e+01
1.943e-01   5.153e+01
1.944e-01   5.446e+01
1.945e-01   5.567e+01
1.946e-01   5.402e+01
1.947e-01   5.018e+01
1.948e-01   4.709e+01
1.949e-01   4.737e+01
1.950e-01   5.112e+01
1.951e-01   5.398e+01
1.952e-01   5.336e+01
1.953e-01   4.880e+01
1.954e-01   4.913e+01
1.955e-01   5.056e+01
1.956e-01   5.033e+01
1.957e-01   5.129e+01
1.958e-01   5.216e+01
1.959e-01   5.085e+01
1.960e-01   4.743e+01
1.961e-01   4.396e+01
1.962e-01   4.505e+01
1.963e-01   4.624e+01
1.964e-01   4.731e+01
1.965e-01   5.079e+01
1.966e-01   5.243e+01
1.967e-01   5.182e+01
1.968e-01   5.294e+01
1.969e-01   5.464e+01
1.970e-01   5.604e+01
1.971e-01   5.385e+01
1.972e-01   5.142e+01
1.973e-01   5.113e+01
1.974e-01   4.994e+01
1.975e-01   4.925e+01
1.976e-01   5.125e+01
1.977e-01   5.194e+01
1.978e-01   5.111e+01
1.979e-01   4.898e+01
1.980e-01   4.700e+01
1.981e-01   4.561e+01
1.982e-01   4.591e+01
1.983e-01   4.470e+01
1.984e-01   4.179e+01
1.985e-01   4.102e+01
1.986e-01   4.036e+01
1.987e-01   3.907e+01
1.988e-01   3.818e+01
1.989e-01   3.814e+01
1.990e-01   3.925e+01
1.991e-01   3.928e+01
1.992e-01   3.887e+01
1.993e-01   3.904e+01
1.994e-01   4.077e+01
1.995e-01   4.326e+01
1.996e-01   4.469e+01
1.997e-01   4.329e+01
1.998e-01   4.071e+01
1.999e-01   4.556e+01
2.000e-01   4.794e+01
2.001e-01   4.649e+01
2.002e-01   4.767e+01
2.003e-01   4.790e+01
2.004e-01   4.606e+01
2.005e-01   4.733e+01
2.006e-01   4.930e+01
2.007e-01   5.006e+01
2.008e-01   5.020e+01
2.009e-01   4.961e+01
2.010e-01   4.784e+01
2.011e-01   4.632e+01
2.012e-01   4.558e+01
2.013e-01   4.672e+01
2.014e-01   4.835e+01
2.015e-01   4.965e+01
2.016e-01   4.780e+01
2.017e-01   4.774e+01
2.018e-01   5.037e+01
2.019e-01   5.317e+01
2.020e-01   5.255e+01
2.021e-01   4.747e+01
2.022e-01   4.670e+01
2.023e-01   4.692e+01
2.024e-01   4.567e+01
2.025e-01   4.653e+01
2.026e-01   4.865e+01
2.027e-01   5.068e+01
2.028e-01   5.023e+01
2.029e-01   4.943e+01
2.030e-01   5.405e+01
2.031e-01   5.578e+01
2.032e-01   5.493e+01
2.033e-01   5.883e+01
2.034e-01   5.902e+01
2.035e-01   5.442e+01
2.036e-01   5.278e+01
2.037e-01   5.376e+01
2.038e-01   5.689e+01
2.039e-01   5.678e+01
2.040e-01   5.584e+01
2.041e-01   5.609e+01
2.042e-01   5.754e+01
2.043e-01   5.877e+01
2.044e-01   5.813e+01
2.045e-01   6.197e+01
2.046e-01   6.772e+01
2.047e-01   6.743e+01
2.048e-01   6.508e+01
2.049e-01   6.294e+01
2.050e-01   6.874e+01
2.051e-01   7.104e+01
2.052e-01   6.826e+01
2.053e-01   7.029e+01
2.054e-01   6.973e+01
2.055e-01   6.361e+01
2.056e-01   6.149e+01
2.057e-01   6.105e+01
2.058e-01   6.057e+01
2.059e-01   6.331e+01
2.060e-01   6.678e+01
2.061e-01   6.709e+01
2.062e-01   6.470e+01
2.063e-01   6.161e+01
2.064e-01   6.257e+01
2.065e-01   6.484e+01
2.066e-01   6.714e+01
2.067e-01   6.560e+01
2.068e-01   6.561e+01
2.069e-01   6.802e+01
2.070e-01   6.838e+01
2.071e-01   6.985e+01
2.072e-01   7.362e+01
2.073e-01   7.434e+01
2.074e-01   7.618e+01
2.075e-01   8.279e+01
2.076e-01   8.671e+01
2.077e-01   8.835e+01
2.078e-01   8.865e+01
2.079e-01   8.495e+01
2.080e-01   7.914e+01
2.081e-01   7.665e+01
2.082e-01   7.711e+01
2.083e-01   7.944e+01
2.084e-01   7.888e+01
2.085e-01   7.705e+01
2.086e-01   7.465e+01
2.087e-01   7.434e+01
2.088e-01   7.513e+01
2.089e-01   7.653e+01
2.090e-01   7.765e+01
2.091e-01   7.804e+01
2.092e-01   7.725e+01
2.093e-01   7.719e+01
2.094e-01   7.697e+01
2.095e-01   7.503e+01
2.096e-01   7.696e+01
2.097e-01   8.131e+01
2.098e-01   8.239e+01
2.099e-01   8.009e+01
2.100e-01   7.573e+01
2.101e-01   7.609e+01
2.102e-01   7.829e+01
2.103e-01   8.088e+01
2.104e-01   7.868e+01
2.105e-01   7.709e+01
2.106e-01   7.903e+01
2.107e-01   8.205e+01
2.108e-01   8.266e+01
2.109e-01   7.757e+01
2.110e-01   7.462e+01
2.111e-01   7.399e+01
2.112e-01   7.519e+01
2.113e-01   7.549e+01
2.114e-01   7.532e+01
2.115e-01   7.719e+01
2.116e-01   8.320e+01
2.117e-01   9.185e+01
2.118e-01   9.294e+01
2.119e-01   9.435e+01
2.120e-01   9.776e+01
2.121e-01   9.726e+01
2.122e-01   9.406e+01
2.123e-01   8.827e+01
2.124e-01   7.853e+01
2.125e-01   7.050e+01
2.126e-01   7.032e+01
2.127e-01   7.394e+01
2.128e-01   7.756e+01
2.129e-01   7.554e+01
2.130e-01   7.481e+01
2.131e-01   7.503e+01
2.132e-01   7.182e+01
2.133e-01   6.967e+01
2.134e-01   6.894e+01
2.135e-01   6.677e+01
2.136e-01   6.758e+01
2.137e-01   7.267e+01
2.138e-01   7.766e+01
2.139e-01   8.158e+01
2.140e-01   8.394e+01
2.141e-01   8.683e+01
2.142e-01   8.948e+01
2.143e-01   9.093e+01
2.144e-01   9.288e+01
2.145e-01   9.452e+01
2.146e-01   9.377e+01
2.147e-01   9.056e+01
2.148e-01   8.681e+01
2.149e-01   8.938e+01
2.150e-01   9.046e+01
2.151e-01   8.883e+01
2.152e-01   8.693e+01
2.153e-01   8.739e+01
2.154e-01   9.088e+01
2.155e-01   9.302e+01
2.156e-01   9.185e+01
2.157e-01   8.596e+01
2.158e-01   8.061e+01
2.159e-01   7.743e+01
2.160e-01   7.838e+01
2.161e-01   8.107e+01
2.162e-01   8.486e+01
2.163e-01   8.933e+01
2.164e-01   8.780e+01
2.165e-01   8.116e+01
2.166e-01   7.545e+01
2.167e-01   7.154e+01
2.168e-01   6.976e+01
2.169e-01   7.008e+01
2.170e-01   7.268e+01
2.171e-01   7.745e+01
2.172e-01   8.057e+01
2.173e-01   8.084e+01
2.174e-01   7.712e+01
2.175e-01   7.258e+01
2.176e-01   7.001e+01
2.177e-01   7.301e+01
2.178e-01   7.783e+01
2.179e-01   8.364e+01
2.180e-01   9.011e+01
2.181e-01   9.595e+01
2.182e-01   1.008e+02
2.183e-01   1.035e+02
2.184e-01   1.012e+02
2.185e-01   9.443e+01
2.186e-01   9.291e+01
2.187e-01   9.016e+01
2.188e-01   8.431e+01
2.189e-01   8.516e+01
2.190e-01   8.800e+01
2.191e-01   8.960e+01
2.192e-01   9.477e+01
2.193e-01   1.014e+02
2.194e-01   1.063e+02
2.195e-01   1.082e+02
2.196e-01   1.082e+02
2.197e-01   1.086e+02
2.198e-01   1.085e+02
2.199e-01   1.076e+02
2.200e-01   1.044e+02
2.201e-01   1.029e+02
2.202e-01   1.044e+02
2.203e-01   1.085e+02
2.204e-01   1.117e+02
2.205e-01   1.114e+02
2.206e-01   1.033e+02
2.207e-01   9.488e+01
2.208e-01   9.202e+01
2.209e-01   8.719e+01
2.210e-01   8.177e+01
2.211e-01   7.884e+01
2.212e-01   7.745e+01
2.213e-01   7.772e+01
2.214e-01   8.094e+01
2.215e-01   8.295e+01
2.216e-01   8.316e+01
2.217e-01   8.209e+01
2.218e-01   8.386e+01
2.219e-01   8.900e+01
2.220e-01   9.117e+01
2.221e-01   9.146e+01
2.222e-01   9.057e+01
2.223e-01   9.174e+01
2.224e-01   9.299e+01
2.225e-01   9.237e+01
2.226e-01   9.170e+01
2.227e-01   9.087e+01
2.228e-01   8.934e+01
2.229e-01   9.010e+01
2.230e-01   9.326e+01
2.231e-01   9.869e+01
2.232e-01   1.039e+02
2.233e-01   1.086e+02
2.234e-01   1.146e+02
2.235e-01   1.175e+02
2.236e-01   1.163e+02
2.237e-01   1.176e+02
2.238e-01   1.171e+02
2.239e-01   1.125e+02
2.240e-01   1.101e+02
2.241e-01   1.081e+02
2.242e-01   1.041e+02
2.243e-01   9.750e+01
2.244e-01   9.075e+01
2.245e-01   8.877e+01
2.246e-01   9.317e+01
2.247e-01   1.007e+02
2.248e-01   9.991e+01
2.249e-01   9.513e+01
2.250e-01   8.822e+01
2.251e-01   8.583e+01
2.252e-01   8.367e+01
2.253e-01   8.080e+01
2.254e-01   8.180e+01
2.255e-01   8.308e+01
2.256e-01   8.269e+01
2.257e-01   8.554e+01
2.258e-01   8.979e+01
2.259e-01   9.295e+01
2.260e-01   9.155e+01
2.261e-01   8.817e+01
2.262e-01   8.826e+01
2.263e-01   8.728e+01
2.264e-01   8.441e+01
2.265e-01   7.850e+01
2.266e-01   7.467e+01
2.267e-01   7.340e+01
2.268e-01   7.029e+01
2.269e-01   6.904e+01
2.270e-01   7.096e+01
2.271e-01   7.156e+01
2.272e-01   7.333e+01
2.273e-01   7.790e+01
2.274e-01   7.774e+01
2.275e-01   7.647e+01
2.276e-01   7.931e+01
2.277e-01   8.227e+01
2.278e-01   8.478e+01
2.279e-01   8.663e+01
2.280e-01   8.986e+01
2.281e-01   9.417e+01
2.282e-01   9.688e+01
2.283e-01   9.892e+01
2.284e-01   1.005e+02
2.285e-01   1.018e+02
2.286e-01   1.007e+02
2.287e-01   9.635e+01
2.288e-01   9.657e+01
2.289e-01   9.798e+01
2.290e-01   9.766e+01
2.291e-01   9.645e+01
2.292e-01   9.466e+01
2.293e-01   9.255e+01
2.294e-01   9.284e+01
2.295e-01   9.426e+01
2.296e-01   9.261e+01
2.297e-01   8.686e+01
2.298e-01   7.875e+01
2.299e-01   7.784e+01
2.300e-01   7.813e+01
2.301e-01   7.865e+01
2.302e-01   8.313e+01
2.303e-01   8.793e+01
2.304e-01   9.130e+01
2.305e-01   9.528e+01
2.306e-01   9.992e+01
2.307e-01   1.047e+02
2.308e-01   1.034e+02
2.309e-01   9.905e+01
2.310e-01   9.727e+01
2.311e-01   9.323e+01
2.312e-01   8.815e+01
2.313e-01   8.794e+01
2.314e-01   8.744e+01
2.315e-01   8.672e+01
2.316e-01   9.168e+01
2.317e-01   9.572e+01
2.318e-01   9.669e+01
2.319e-01   9.604e+01
2.320e-01   9.426e+01
2.321e-01   9.195e+01
2.322e-01   9.454e+01
2.323e-01   9.865e+01
2.324e-01   1.002e+02
2.325e-01   9.504e+01
2.326e-01   8.598e+01
2.327e-01   7.817e+01
2.328e-01   7.658e+01
2.329e-01   7.980e+01
2.330e-01   8.121e+01
2.331e-01   7.673e+01
2.332e-01   6.689e+01
2.333e-01   6.150e+01
2.334e-01   5.970e+01
2.335e-01   6.149e+01
2.336e-01   6.553e+01
2.337e-01   6.730e+01
2.338e-01   6.336e+01
2.339e-01   5.707e+01
2.340e-01   5.269e+01
2.341e-01   5.534e+01
2.342e-01   5.567e+01
2.343e-01   5.269e+01
2.344e-01   4.579e+01
2.345e-01   4.122e+01
2.346e-01   4.002e+01
2.347e-01   4.333e+01
2.348e-01   4.670e+01
2.349e-01   4.988e+01
2.350e-01   5.759e+01
2.351e-01   6.611e+01
2.352e-01   7.353e+01
2.353e-01   7.750e+01
2.354e-01   7.825e+01
2.355e-01   7.596e+01
2.356e-01   7.921e+01
2.357e-01   8.381e+01
2.358e-01   8.273e+01
2.359e-01   7.654e+01
2.360e-01   6.716e+01
2.361e-01   5.834e+01
2.362e-01   5.812e+01
2.363e-01   6.498e+01
2.364e-01   6.490e+01
2.365e-01   6.200e+01
2.366e-01   5.804e+01
2.367e-01   5.887e+01
2.368e-01   6.267e+01
2.369e-01   6.835e+01
2.370e-01   7.092e+01
2.371e-01   7.247e+01
2.372e-01   7.474e+01
2.373e-01   7.373e+01
2.374e-01   7.044e+01
2.375e-01   6.675e+01
2.376e-01   6.740e+01
2.377e-01   7.128e+01
2.378e-01   7.369e+01
2.379e-01   6.970e+01
2.380e-01   5.942e+01
2.381e-01   4.932e+01
2.382e-01   4.133e+01
2.383e-01   3.641e+01
2.384e-01   3.447e+01
2.385e-01   3.776e+01
2.386e-01   4.795e+01
2.387e-01   5.527e+01
2.388e-01   5.873e+01
2.389e-01   5.735e+01
2.390e-01   5.723e+01
2.391e-01   5.969e+01
2.392e-01   6.662e+01
2.393e-01   6.884e+01
2.394e-01   6.583e+01
2.395e-01   5.949e+01
2.396e-01   5.232e+01
2.397e-01   4.597e+01
2.398e-01   4.727e+01
2.399e-01   4.839e+01
2.400e-01   4.700e+01
2.401e-01   5.046e+01
2.402e-01   5.450e+01
2.403e-01   5.562e+01
2.404e-01   5.373e+01
2.405e-01   4.982e+01
2.406e-01   4.476e+01
2.407e-01   4.240e+01
2.408e-01   4.289e+01
2.409e-01   4.641e+01
2.410e-01   4.767e+01
2.411e-01   4.634e+01
2.412e-01   4.458e+01
2.413e-01   4.584e+01
2.414e-01   5.105e+01
2.415e-01   5.854e+01
2.416e-01   6.775e+01
2.417e-01   7.804e+01
2.418e-01   8.352e+01
2.419e-01   8.744e+01
2.420e-01   9.269e+01
2.421e-01   1.001e+02
2.422e-01   1.073e+02
2.423e-01   1.101e+02
2.424e-01   1.056e+02
2.425e-01   9.779e+01
2.426e-01   9.836e+01
2.427e-01   1.022e+02
2.428e-01   1.066e+02
2.429e-01   1.026e+02
2.430e-01   9.839e+01
2.431e-01   9.712e+01
2.432e-01   1.022e+02
2.433e-01   1.048e+02
2.434e-01   9.943e+01
2.435e-01   9.325e+01
2.436e-01   8.947e+01
2.437e-01   9.140e+01
2.438e-01   9.504e+01
2.439e-01   9.810e+01
2.440e-01   9.714e+01
2.441e-01   9.940e+01
2.442e-01   1.050e+02
2.443e-01   1.113e+02
2.444e-01   1.123e+02
2.445e-01   1.071e+02
2.446e-01   9.886e+01
2.447e-01   9.276e+01
2.448e-01   9.079e+01
2.449e-01   9.034e+01
2.450e-01   8.823e+01
2.451e-01   8.222e+01
2.452e-01   7.633e+01
2.453e-01   7.245e+01
2.454e-01   7.299e+01
2.455e-01   7.448e+01
2.456e-01   7.620e+01
2.457e-01   7.772e+01
2.458e-01   7.893e+01
2.459e-01   7.987e+01
2.460e-01   8.071e+01
2.461e-01   7.949e+01
2.462e-01   7.590e+01
2.463e-01   7.227e+01
2.464e-01   7.212e+01
2.465e-01   7.678e+01
2.466e-01   7.796e+01
2.467e-01   7.783e+01
2.468e-01   7.849e+01
2.469e-01   8.092e+01
2.470e-01   8.368e+01
2.471e-01   8.452e+01
2.472e-01   8.476e+01
2.473e-01   8.517e+01
2.474e-01   8.757e+01
2.475e-01   9.043e+01
2.476e-01   9.294e+01
2.477e-01   9.240e+01
2.478e-01   9.049e+01
2.479e-01   8.751e+01
2.480e-01   8.314e+01
2.481e-01   8.186e+01
2.482e-01   8.566e+01
2.483e-01   8.223e+01
2.484e-01   7.540e+01
2.485e-01   6.981e+01
2.486e-01   7.333e+01
2.487e-01   7.981e+01
2.488e-01   7.699e+01
2.489e-01   7.272e+01
2.490e-01   6.877e+01
2.491e-01   6.738e+01
2.492e-01   6.876e+01
2.493e-01   7.309e+01
2.494e-01   8.042e+01
2.495e-01   8.953e+01
2.496e-01   9.922e+01
2.497e-01   1.020e+02
2.498e-01   1.029e+02
2.499e-01   1.055e+02
2.500e-01   1.108e+02
2.501e-01   1.124e+02
2.502e-01   1.013e+02
2.503e-01   9.543e+01
2.504e-01   9.548e+01
2.505e-01   9.989e+01
2.506e-01   9.808e+01
2.507e-01   9.062e+01
2.508e-01   8.714e+01
2.509e-01   8.891e+01
2.510e-01   9.525e+01
2.511e-01   9.658e+01
2.512e-01   9.324e+01
2.513e-01   8.526e+01
2.514e-01   7.822e+01
2.515e-01   7.190e+01
2.516e-01   6.605e+01
2.517e-01   6.175e+01
2.518e-01   5.931e+01
2.519e-01   5.969e+01
2.520e-01   6.110e+01
2.521e-01   6.278e+01
2.522e-01   6.341e+01
2.523e-01   6.174e+01
2.524e-01   5.806e+01
2.525e-01   5.528e+01
2.526e-01   5.500e+01
2.527e-01   5.711e+01
2.528e-01   5.509e+01
2.529e-01   5.271e+01
2.530e-01   5.253e+01
2.531e-01   5.551e+01
2.532e-01   6.018e+01
2.533e-01   6.508e+01
2.534e-01   6.670e+01
2.535e-01   6.585e+01
2.536e-01   6.410e+01
2.537e-01   6.405e+01
2.538e-01   6.506e+01
2.539e-01   6.333e+01
2.540e-01   6.437e+01
2.541e-01   6.862e+01
2.542e-01   7.063e+01
2.543e-01   7.175e+01
2.544e-01   7.261e+01
2.545e-01   7.465e+01
2.546e-01   7.414e+01
2.547e-01   6.855e+01
2.548e-01   6.939e+01
2.549e-01   7.136e+01
2.550e-01   6.668e+01
2.551e-01   6.924e+01
2.552e-01   7.828e+01
2.553e-01   8.950e+01
2.554e-01   9.701e+01
2.555e-01   1.004e+02
2.556e-01   1.021e+02
2.557e-01   1.032e+02
2.558e-01   1.038e+02
2.559e-01   1.020e+02
2.560e-01   1.025e+02
2.561e-01   1.067e+02
2.562e-01   1.028e+02
2.563e-01   9.560e+01
2.564e-01   9.037e+01
2.565e-01   9.360e+01
2.566e-01   1.025e+02
2.567e-01   1.130e+02
2.568e-01   1.209e+02
2.569e-01   1.265e+02
2.570e-01   1.319e+02
2.571e-01   1.344e+02
2.572e-01   1.336e+02
2.573e-01   1.290e+02
2.574e-01   1.253e+02
2.575e-01   1.234e+02
2.576e-01   1.160e+02
2.577e-01   1.093e+02
2.578e-01   1.082e+02
2.579e-01   1.154e+02
2.580e-01   1.258e+02
2.581e-01   1.340e+02
2.582e-01   1.378e+02
2.583e-01   1.368e+02
2.584e-01   1.295e+02
2.585e-01   1.181e+02
2.586e-01   1.051e+02
2.587e-01   9.922e+01
2.588e-01   1.023e+02
2.589e-01   1.146e+02
2.590e-01   1.293e+02
2.591e-01   1.370e+02
2.592e-01   1.329e+02
2.593e-01   1.241e+02
2.594e-01   1.142e+02
2.595e-01   1.060e+02
2.596e-01   1.046e+02
2.597e-01   1.035e+02
2.598e-01   9.228e+01
2.599e-01   7.828e+01
